   6
     1     7      0   0   0
     1    13      0  -1   0
     1    19      0   0   0
     1    73     -1   0   0
     1     2      0   0   0
     1     6      0   0  -1
     2     8      0   0   0
     2    14      0  -1   0
     2    20      0   0   0
     2    74     -1   0   0
     2     1      0   0   0
     2     3      0   0   0
     3     9      0   0   0
     3    15      0  -1   0
     3    21      0   0   0
     3    75     -1   0   0
     3     2      0   0   0
     3     4      0   0   0
     4    10      0   0   0
     4    16      0  -1   0
     4    22      0   0   0
     4    76     -1   0   0
     4     3      0   0   0
     4     5      0   0   0
     5    11      0   0   0
     5    17      0  -1   0
     5    23      0   0   0
     5    77     -1   0   0
     5     4      0   0   0
     5     6      0   0   0
     6    12      0   0   0
     6    18      0  -1   0
     6    24      0   0   0
     6    78     -1   0   0
     6     5      0   0   0
     6     1      0   0   1
     7     1      0   0   0
     7    13      0   0   0
     7    25      0   0   0
     7    79     -1   0   0
     7     8      0   0   0
     7    12      0   0  -1
     8     2      0   0   0
     8    14      0   0   0
     8    26      0   0   0
     8    80     -1   0   0
     8     7      0   0   0
     8     9      0   0   0
     9     3      0   0   0
     9    15      0   0   0
     9    27      0   0   0
     9    81     -1   0   0
     9     8      0   0   0
     9    10      0   0   0
    10     4      0   0   0
    10    16      0   0   0
    10    28      0   0   0
    10    82     -1   0   0
    10     9      0   0   0
    10    11      0   0   0
    11     5      0   0   0
    11    17      0   0   0
    11    29      0   0   0
    11    83     -1   0   0
    11    10      0   0   0
    11    12      0   0   0
    12     6      0   0   0
    12    18      0   0   0
    12    30      0   0   0
    12    84     -1   0   0
    12    11      0   0   0
    12     7      0   0   1
    13     7      0   0   0
    13     1      0   1   0
    13    31      0   0   0
    13    85     -1   0   0
    13    14      0   0   0
    13    18      0   0  -1
    14     8      0   0   0
    14     2      0   1   0
    14    32      0   0   0
    14    86     -1   0   0
    14    13      0   0   0
    14    15      0   0   0
    15     9      0   0   0
    15     3      0   1   0
    15    33      0   0   0
    15    87     -1   0   0
    15    14      0   0   0
    15    16      0   0   0
    16    10      0   0   0
    16     4      0   1   0
    16    34      0   0   0
    16    88     -1   0   0
    16    15      0   0   0
    16    17      0   0   0
    17    11      0   0   0
    17     5      0   1   0
    17    35      0   0   0
    17    89     -1   0   0
    17    16      0   0   0
    17    18      0   0   0
    18    12      0   0   0
    18     6      0   1   0
    18    36      0   0   0
    18    90     -1   0   0
    18    17      0   0   0
    18    13      0   0   1
    19    25      0   0   0
    19    31      0  -1   0
    19     1      0   0   0
    19    37      0   0   0
    19    20      0   0   0
    19    24      0   0  -1
    20    26      0   0   0
    20    32      0  -1   0
    20     2      0   0   0
    20    38      0   0   0
    20    19      0   0   0
    20    21      0   0   0
    21    27      0   0   0
    21    33      0  -1   0
    21     3      0   0   0
    21    39      0   0   0
    21    20      0   0   0
    21    22      0   0   0
    22    28      0   0   0
    22    34      0  -1   0
    22     4      0   0   0
    22    40      0   0   0
    22    21      0   0   0
    22    23      0   0   0
    23    29      0   0   0
    23    35      0  -1   0
    23     5      0   0   0
    23    41      0   0   0
    23    22      0   0   0
    23    24      0   0   0
    24    30      0   0   0
    24    36      0  -1   0
    24     6      0   0   0
    24    42      0   0   0
    24    23      0   0   0
    24    19      0   0   1
    25    19      0   0   0
    25    31      0   0   0
    25     7      0   0   0
    25    43      0   0   0
    25    26      0   0   0
    25    30      0   0  -1
    26    20      0   0   0
    26    32      0   0   0
    26     8      0   0   0
    26    44      0   0   0
    26    25      0   0   0
    26    27      0   0   0
    27    21      0   0   0
    27    33      0   0   0
    27     9      0   0   0
    27    45      0   0   0
    27    26      0   0   0
    27    28      0   0   0
    28    22      0   0   0
    28    34      0   0   0
    28    10      0   0   0
    28    46      0   0   0
    28    27      0   0   0
    28    29      0   0   0
    29    23      0   0   0
    29    35      0   0   0
    29    11      0   0   0
    29    47      0   0   0
    29    28      0   0   0
    29    30      0   0   0
    30    24      0   0   0
    30    36      0   0   0
    30    12      0   0   0
    30    48      0   0   0
    30    29      0   0   0
    30    25      0   0   1
    31    25      0   0   0
    31    19      0   1   0
    31    13      0   0   0
    31    49      0   0   0
    31    32      0   0   0
    31    36      0   0  -1
    32    26      0   0   0
    32    20      0   1   0
    32    14      0   0   0
    32    50      0   0   0
    32    31      0   0   0
    32    33      0   0   0
    33    27      0   0   0
    33    21      0   1   0
    33    15      0   0   0
    33    51      0   0   0
    33    32      0   0   0
    33    34      0   0   0
    34    28      0   0   0
    34    22      0   1   0
    34    16      0   0   0
    34    52      0   0   0
    34    33      0   0   0
    34    35      0   0   0
    35    29      0   0   0
    35    23      0   1   0
    35    17      0   0   0
    35    53      0   0   0
    35    34      0   0   0
    35    36      0   0   0
    36    30      0   0   0
    36    24      0   1   0
    36    18      0   0   0
    36    54      0   0   0
    36    35      0   0   0
    36    31      0   0   1
    37    43      0   0   0
    37    49      0  -1   0
    37    19      0   0   0
    37    55      0   0   0
    37    38      0   0   0
    37    42      0   0  -1
    38    44      0   0   0
    38    50      0  -1   0
    38    20      0   0   0
    38    56      0   0   0
    38    37      0   0   0
    38    39      0   0   0
    39    45      0   0   0
    39    51      0  -1   0
    39    21      0   0   0
    39    57      0   0   0
    39    38      0   0   0
    39    40      0   0   0
    40    46      0   0   0
    40    52      0  -1   0
    40    22      0   0   0
    40    58      0   0   0
    40    39      0   0   0
    40    41      0   0   0
    41    47      0   0   0
    41    53      0  -1   0
    41    23      0   0   0
    41    59      0   0   0
    41    40      0   0   0
    41    42      0   0   0
    42    48      0   0   0
    42    54      0  -1   0
    42    24      0   0   0
    42    60      0   0   0
    42    41      0   0   0
    42    37      0   0   1
    43    37      0   0   0
    43    49      0   0   0
    43    25      0   0   0
    43    61      0   0   0
    43    44      0   0   0
    43    48      0   0  -1
    44    38      0   0   0
    44    50      0   0   0
    44    26      0   0   0
    44    62      0   0   0
    44    43      0   0   0
    44    45      0   0   0
    45    39      0   0   0
    45    51      0   0   0
    45    27      0   0   0
    45    63      0   0   0
    45    44      0   0   0
    45    46      0   0   0
    46    40      0   0   0
    46    52      0   0   0
    46    28      0   0   0
    46    64      0   0   0
    46    45      0   0   0
    46    47      0   0   0
    47    41      0   0   0
    47    53      0   0   0
    47    29      0   0   0
    47    65      0   0   0
    47    46      0   0   0
    47    48      0   0   0
    48    42      0   0   0
    48    54      0   0   0
    48    30      0   0   0
    48    66      0   0   0
    48    47      0   0   0
    48    43      0   0   1
    49    43      0   0   0
    49    37      0   1   0
    49    31      0   0   0
    49    67      0   0   0
    49    50      0   0   0
    49    54      0   0  -1
    50    44      0   0   0
    50    38      0   1   0
    50    32      0   0   0
    50    68      0   0   0
    50    49      0   0   0
    50    51      0   0   0
    51    45      0   0   0
    51    39      0   1   0
    51    33      0   0   0
    51    69      0   0   0
    51    50      0   0   0
    51    52      0   0   0
    52    46      0   0   0
    52    40      0   1   0
    52    34      0   0   0
    52    70      0   0   0
    52    51      0   0   0
    52    53      0   0   0
    53    47      0   0   0
    53    41      0   1   0
    53    35      0   0   0
    53    71      0   0   0
    53    52      0   0   0
    53    54      0   0   0
    54    48      0   0   0
    54    42      0   1   0
    54    36      0   0   0
    54    72      0   0   0
    54    53      0   0   0
    54    49      0   0   1
    55    61      0   0   0
    55    67      0  -1   0
    55    37      0   0   0
    55    73      0   0   0
    55    56      0   0   0
    55    60      0   0  -1
    56    62      0   0   0
    56    68      0  -1   0
    56    38      0   0   0
    56    74      0   0   0
    56    55      0   0   0
    56    57      0   0   0
    57    63      0   0   0
    57    69      0  -1   0
    57    39      0   0   0
    57    75      0   0   0
    57    56      0   0   0
    57    58      0   0   0
    58    64      0   0   0
    58    70      0  -1   0
    58    40      0   0   0
    58    76      0   0   0
    58    57      0   0   0
    58    59      0   0   0
    59    65      0   0   0
    59    71      0  -1   0
    59    41      0   0   0
    59    77      0   0   0
    59    58      0   0   0
    59    60      0   0   0
    60    66      0   0   0
    60    72      0  -1   0
    60    42      0   0   0
    60    78      0   0   0
    60    59      0   0   0
    60    55      0   0   1
    61    55      0   0   0
    61    67      0   0   0
    61    43      0   0   0
    61    79      0   0   0
    61    62      0   0   0
    61    66      0   0  -1
    62    56      0   0   0
    62    68      0   0   0
    62    44      0   0   0
    62    80      0   0   0
    62    61      0   0   0
    62    63      0   0   0
    63    57      0   0   0
    63    69      0   0   0
    63    45      0   0   0
    63    81      0   0   0
    63    62      0   0   0
    63    64      0   0   0
    64    58      0   0   0
    64    70      0   0   0
    64    46      0   0   0
    64    82      0   0   0
    64    63      0   0   0
    64    65      0   0   0
    65    59      0   0   0
    65    71      0   0   0
    65    47      0   0   0
    65    83      0   0   0
    65    64      0   0   0
    65    66      0   0   0
    66    60      0   0   0
    66    72      0   0   0
    66    48      0   0   0
    66    84      0   0   0
    66    65      0   0   0
    66    61      0   0   1
    67    61      0   0   0
    67    55      0   1   0
    67    49      0   0   0
    67    85      0   0   0
    67    68      0   0   0
    67    72      0   0  -1
    68    62      0   0   0
    68    56      0   1   0
    68    50      0   0   0
    68    86      0   0   0
    68    67      0   0   0
    68    69      0   0   0
    69    63      0   0   0
    69    57      0   1   0
    69    51      0   0   0
    69    87      0   0   0
    69    68      0   0   0
    69    70      0   0   0
    70    64      0   0   0
    70    58      0   1   0
    70    52      0   0   0
    70    88      0   0   0
    70    69      0   0   0
    70    71      0   0   0
    71    65      0   0   0
    71    59      0   1   0
    71    53      0   0   0
    71    89      0   0   0
    71    70      0   0   0
    71    72      0   0   0
    72    66      0   0   0
    72    60      0   1   0
    72    54      0   0   0
    72    90      0   0   0
    72    71      0   0   0
    72    67      0   0   1
    73    79      0   0   0
    73    85      0  -1   0
    73    55      0   0   0
    73     1      1   0   0
    73    74      0   0   0
    73    78      0   0  -1
    74    80      0   0   0
    74    86      0  -1   0
    74    56      0   0   0
    74     2      1   0   0
    74    73      0   0   0
    74    75      0   0   0
    75    81      0   0   0
    75    87      0  -1   0
    75    57      0   0   0
    75     3      1   0   0
    75    74      0   0   0
    75    76      0   0   0
    76    82      0   0   0
    76    88      0  -1   0
    76    58      0   0   0
    76     4      1   0   0
    76    75      0   0   0
    76    77      0   0   0
    77    83      0   0   0
    77    89      0  -1   0
    77    59      0   0   0
    77     5      1   0   0
    77    76      0   0   0
    77    78      0   0   0
    78    84      0   0   0
    78    90      0  -1   0
    78    60      0   0   0
    78     6      1   0   0
    78    77      0   0   0
    78    73      0   0   1
    79    73      0   0   0
    79    85      0   0   0
    79    61      0   0   0
    79     7      1   0   0
    79    80      0   0   0
    79    84      0   0  -1
    80    74      0   0   0
    80    86      0   0   0
    80    62      0   0   0
    80     8      1   0   0
    80    79      0   0   0
    80    81      0   0   0
    81    75      0   0   0
    81    87      0   0   0
    81    63      0   0   0
    81     9      1   0   0
    81    80      0   0   0
    81    82      0   0   0
    82    76      0   0   0
    82    88      0   0   0
    82    64      0   0   0
    82    10      1   0   0
    82    81      0   0   0
    82    83      0   0   0
    83    77      0   0   0
    83    89      0   0   0
    83    65      0   0   0
    83    11      1   0   0
    83    82      0   0   0
    83    84      0   0   0
    84    78      0   0   0
    84    90      0   0   0
    84    66      0   0   0
    84    12      1   0   0
    84    83      0   0   0
    84    79      0   0   1
    85    79      0   0   0
    85    73      0   1   0
    85    67      0   0   0
    85    13      1   0   0
    85    86      0   0   0
    85    90      0   0  -1
    86    80      0   0   0
    86    74      0   1   0
    86    68      0   0   0
    86    14      1   0   0
    86    85      0   0   0
    86    87      0   0   0
    87    81      0   0   0
    87    75      0   1   0
    87    69      0   0   0
    87    15      1   0   0
    87    86      0   0   0
    87    88      0   0   0
    88    82      0   0   0
    88    76      0   1   0
    88    70      0   0   0
    88    16      1   0   0
    88    87      0   0   0
    88    89      0   0   0
    89    83      0   0   0
    89    77      0   1   0
    89    71      0   0   0
    89    17      1   0   0
    89    88      0   0   0
    89    90      0   0   0
    90    84      0   0   0
    90    78      0   1   0
    90    72      0   0   0
    90    18      1   0   0
    90    89      0   0   0
    90    85      0   0   1
