  0.000017    0.000000  0.000000  0.000000  0.000000
  0.000017    0.000000  0.000000  0.000000  0.000000
  0.000018    0.000000  0.000000  0.000000  0.000000
  0.000018    0.000000  0.000000  0.000000  0.000000
  0.000018    0.000000  0.000000  0.000000  0.000000
  0.000019    0.000000  0.000000  0.000000  0.000000
  0.000019    0.000000  0.000000  0.000000  0.000000
  0.000019    0.000000  0.000000  0.000000  0.000000
  0.000019    0.000000  0.000000  0.000000  0.000000
  0.000020    0.000000  0.000000  0.000000  0.000000
  0.000020    0.000000  0.000000  0.000000  0.000000
  0.000020    0.000000  0.000000  0.000000  0.000000
  0.000021    0.000000  0.000000  0.000000  0.000000
  0.000021    0.000000  0.000000  0.000000  0.000000
  0.000021    0.000000  0.000000  0.000000  0.000000
  0.000022    0.000000  0.000000  0.000000  0.000000
  0.000022    0.000000  0.000000  0.000000  0.000000
  0.000022    0.000000  0.000000  0.000000  0.000000
  0.000023    0.000000  0.000000  0.000000  0.000000
  0.000023    0.000000  0.000000  0.000000  0.000000
  0.000024    0.000000  0.000000  0.000000  0.000000
  0.000024    0.000000  0.000000  0.000000  0.000000
  0.000024    0.000000  0.000000  0.000000  0.000000
  0.000025    0.000000  0.000000  0.000000  0.000000
  0.000025    0.000000  0.000000  0.000000  0.000000
  0.000026    0.000000  0.000000  0.000000  0.000000
  0.000026    0.000000  0.000000  0.000000  0.000000
  0.000026    0.000000  0.000000  0.000000  0.000000
  0.000027    0.000000  0.000000  0.000000  0.000000
  0.000027    0.000000  0.000000  0.000000  0.000000
  0.000028    0.000000  0.000000  0.000000  0.000000
  0.000028    0.000000  0.000000  0.000000  0.000000
  0.000029    0.000000  0.000000  0.000000  0.000000
  0.000029    0.000000  0.000000  0.000000  0.000000
  0.000030    0.000000  0.000000  0.000000  0.000000
  0.000030    0.000000  0.000000  0.000000  0.000000
  0.000030    0.000000  0.000000  0.000000  0.000000
  0.000031    0.000000  0.000000  0.000000  0.000000
  0.000031    0.000000  0.000000  0.000000  0.000000
  0.000032    0.000000  0.000000  0.000000  0.000000
  0.000033    0.000000  0.000000  0.000000  0.000000
  0.000033    0.000000  0.000000  0.000000  0.000000
  0.000034    0.000000  0.000000  0.000000  0.000000
  0.000034    0.000000  0.000000  0.000000  0.000000
  0.000035    0.000000  0.000000  0.000000  0.000000
  0.000035    0.000000  0.000000  0.000000  0.000000
  0.000036    0.000000  0.000000  0.000000  0.000000
  0.000036    0.000000  0.000000  0.000000  0.000000
  0.000037    0.000000  0.000000  0.000000  0.000000
  0.000038    0.000000  0.000000  0.000000  0.000000
  0.000038    0.000000  0.000000  0.000000  0.000000
  0.000039    0.000000  0.000000  0.000000  0.000000
  0.000039    0.000000  0.000000  0.000000  0.000000
  0.000040    0.000000  0.000000  0.000000  0.000000
  0.000041    0.000000  0.000000  0.000000  0.000000
  0.000041    0.000000  0.000000  0.000000  0.000000
  0.000042    0.000000  0.000000  0.000000  0.000000
  0.000043    0.000000  0.000000  0.000000  0.000000
  0.000043    0.000000  0.000000  0.000000  0.000000
  0.000044    0.000000  0.000000  0.000000  0.000000
  0.000045    0.000000  0.000000  0.000000  0.000000
  0.000045    0.000000  0.000000  0.000000  0.000000
  0.000046    0.000000  0.000000  0.000000  0.000000
  0.000047    0.000000  0.000000  0.000000  0.000000
  0.000048    0.000000  0.000000  0.000000  0.000000
  0.000048    0.000000  0.000000  0.000000  0.000000
  0.000049    0.000000  0.000000  0.000000  0.000000
  0.000050    0.000000  0.000000  0.000000  0.000000
  0.000051    0.000000  0.000000  0.000000  0.000000
  0.000052    0.000000  0.000000  0.000000  0.000000
  0.000053    0.000000  0.000000  0.000000  0.000000
  0.000053    0.000000  0.000000  0.000000  0.000000
  0.000054    0.000000  0.000000  0.000000  0.000000
  0.000055    0.000000  0.000000  0.000000  0.000000
  0.000056    0.000000  0.000000  0.000000  0.000000
  0.000057    0.000000  0.000000  0.000000  0.000000
  0.000058    0.000000  0.000000  0.000000  0.000000
  0.000059    0.000000  0.000000  0.000000  0.000000
  0.000060    0.000000  0.000000  0.000000  0.000000
  0.000061    0.000000  0.000000  0.000000  0.000000
  0.000062    0.000000  0.000000  0.000000  0.000000
  0.000063    0.000000  0.000000  0.000000  0.000000
  0.000064    0.000000  0.000000  0.000000  0.000000
  0.000065    0.000000  0.000000  0.000000  0.000000
  0.000066    0.000000  0.000000  0.000000  0.000000
  0.000067    0.000000  0.000000  0.000000  0.000000
  0.000068    0.000000  0.000000  0.000000  0.000000
  0.000069    0.000000  0.000000  0.000000  0.000000
  0.000070    0.000000  0.000000  0.000000  0.000000
  0.000071    0.000000  0.000000  0.000000  0.000000
  0.000072    0.000000  0.000000  0.000000  0.000000
  0.000074    0.000000  0.000000  0.000000  0.000000
  0.000075    0.000000  0.000000  0.000000  0.000000
  0.000076    0.000000  0.000000  0.000000  0.000000
  0.000077    0.000000  0.000000  0.000000  0.000000
  0.000078    0.000000  0.000000  0.000000  0.000000
  0.000080    0.000000  0.000000  0.000000  0.000000
  0.000081    0.000000  0.000000  0.000000  0.000000
  0.000082    0.000000  0.000000  0.000000  0.000000
  0.000084    0.000000  0.000000  0.000000  0.000000
  0.000085    0.000000  0.000000  0.000000  0.000000
  0.000086    0.000000  0.000000  0.000000  0.000000
  0.000088    0.000000  0.000000  0.000000  0.000000
  0.000089    0.000000  0.000000  0.000000  0.000000
  0.000091    0.000000  0.000000  0.000000  0.000000
  0.000092    0.000000  0.000000  0.000000  0.000000
  0.000093    0.000000  0.000000  0.000000  0.000000
  0.000095    0.000000  0.000000  0.000000  0.000000
  0.000096    0.000000  0.000000  0.000000  0.000000
  0.000098    0.000000  0.000000  0.000000  0.000000
  0.000100    0.000000  0.000000  0.000000  0.000000
  0.000101    0.000000  0.000000  0.000000  0.000000
  0.000103    0.000000  0.000000  0.000000  0.000000
  0.000105    0.000000  0.000000  0.000000  0.000000
  0.000106    0.000000  0.000000  0.000000  0.000000
  0.000108    0.000000  0.000000  0.000000  0.000000
  0.000110    0.000000  0.000000  0.000000  0.000000
  0.000111    0.000000  0.000000  0.000000  0.000000
  0.000113    0.000000  0.000000  0.000000  0.000000
  0.000115    0.000000  0.000000  0.000000  0.000000
  0.000117    0.000000  0.000000  0.000000  0.000000
  0.000119    0.000000  0.000000  0.000000  0.000000
  0.000121    0.000000  0.000000  0.000000  0.000000
  0.000123    0.000000  0.000000  0.000000  0.000000
  0.000125    0.000000  0.000000  0.000000  0.000000
  0.000127    0.000000  0.000000  0.000000  0.000000
  0.000129    0.000000  0.000000  0.000000  0.000000
  0.000131    0.000000  0.000000  0.000000  0.000000
  0.000133    0.000000  0.000000  0.000000  0.000000
  0.000135    0.000000  0.000000  0.000000  0.000000
  0.000137    0.000000  0.000000  0.000000  0.000000
  0.000139    0.000000  0.000000  0.000000  0.000000
  0.000142    0.000000  0.000000  0.000000  0.000000
  0.000144    0.000000  0.000000  0.000000  0.000000
  0.000146    0.000000  0.000000  0.000000  0.000000
  0.000149    0.000000  0.000000  0.000000  0.000000
  0.000151    0.000000  0.000000  0.000000  0.000000
  0.000153    0.000000  0.000000  0.000000  0.000000
  0.000156    0.000000  0.000000  0.000000  0.000000
  0.000158    0.000000  0.000000  0.000000  0.000000
  0.000161    0.000000  0.000000  0.000000  0.000000
  0.000164    0.000000  0.000000  0.000000  0.000000
  0.000166    0.000000  0.000000  0.000000  0.000000
  0.000169    0.000000  0.000000  0.000000  0.000000
  0.000172    0.000000  0.000000  0.000000  0.000000
  0.000174    0.000000  0.000000  0.000000  0.000000
  0.000177    0.000000  0.000000  0.000000  0.000000
  0.000180    0.000000  0.000000  0.000000  0.000000
  0.000183    0.000000  0.000000  0.000000  0.000000
  0.000186    0.000000  0.000000  0.000000  0.000000
  0.000189    0.000000  0.000000  0.000000  0.000000
  0.000192    0.000000  0.000000  0.000000  0.000000
  0.000195    0.000000  0.000000  0.000000  0.000000
  0.000198    0.000000  0.000000  0.000000  0.000000
  0.000201    0.000000  0.000000  0.000000  0.000000
  0.000205    0.000000  0.000000  0.000000  0.000000
  0.000208    0.000000  0.000000  0.000000  0.000000
  0.000211    0.000000  0.000000  0.000000  0.000000
  0.000215    0.000000  0.000000  0.000000  0.000000
  0.000218    0.000000  0.000000  0.000000  0.000000
  0.000222    0.000000  0.000000  0.000000  0.000000
  0.000225    0.000000  0.000000  0.000000  0.000000
  0.000229    0.000000  0.000000  0.000000  0.000000
  0.000233    0.000000  0.000000  0.000000  0.000000
  0.000236    0.000000  0.000000  0.000000  0.000000
  0.000240    0.000000  0.000000  0.000000  0.000000
  0.000244    0.000000  0.000000  0.000000  0.000000
  0.000248    0.000000  0.000000  0.000000  0.000000
  0.000252    0.000000  0.000000  0.000000  0.000000
  0.000256    0.000000  0.000000  0.000000  0.000000
  0.000260    0.000000  0.000000  0.000000  0.000000
  0.000264    0.000000  0.000000  0.000000  0.000000
  0.000269    0.000000  0.000000  0.000000  0.000000
  0.000273    0.000000  0.000000  0.000000  0.000000
  0.000277    0.000000  0.000000  0.000000  0.000000
  0.000282    0.000000  0.000000  0.000000  0.000000
  0.000286    0.000000  0.000000  0.000000  0.000000
  0.000291    0.000000  0.000000  0.000000  0.000000
  0.000296    0.000000  0.000000  0.000000  0.000000
  0.000301    0.000000  0.000000  0.000000  0.000000
  0.000305    0.000000  0.000000  0.000000  0.000000
  0.000310    0.000000  0.000000  0.000000  0.000000
  0.000315    0.000000  0.000000  0.000000  0.000000
  0.000320    0.000000  0.000000  0.000000  0.000000
  0.000326    0.000000  0.000000  0.000000  0.000000
  0.000331    0.000000  0.000000  0.000000  0.000000
  0.000336    0.000000  0.000000  0.000000  0.000000
  0.000342    0.000000  0.000000  0.000000  0.000000
  0.000347    0.000000  0.000000  0.000000  0.000000
  0.000353    0.000000  0.000000  0.000000  0.000000
  0.000358    0.000000  0.000000  0.000000  0.000000
  0.000364    0.000000  0.000000  0.000000  0.000000
  0.000370    0.000000  0.000000  0.000000  0.000000
  0.000376    0.000000  0.000000  0.000000  0.000000
  0.000382    0.000000  0.000000  0.000000  0.000000
  0.000388    0.000000  0.000000  0.000000  0.000000
  0.000394    0.000000  0.000000  0.000000  0.000000
  0.000401    0.000000  0.000000  0.000000  0.000000
  0.000407    0.000000  0.000000  0.000000  0.000000
  0.000414    0.000000  0.000000  0.000000  0.000000
  0.000421    0.000000  0.000000  0.000000  0.000000
  0.000427    0.000000  0.000000  0.000000  0.000000
  0.000434    0.000000  0.000000  0.000000  0.000000
  0.000441    0.000000  0.000000  0.000000  0.000000
  0.000448    0.000000  0.000000  0.000000  0.000000
  0.000456    0.000000  0.000000  0.000000  0.000000
  0.000463    0.000000  0.000000  0.000000  0.000000
  0.000470    0.000000  0.000000  0.000000  0.000000
  0.000478    0.000000  0.000000  0.000000  0.000000
  0.000486    0.000000  0.000000  0.000000  0.000000
  0.000493    0.000000  0.000000  0.000000  0.000000
  0.000501    0.000000  0.000000  0.000000  0.000000
  0.000510    0.000000  0.000000  0.000000  0.000000
  0.000518    0.000000  0.000000  0.000000  0.000000
  0.000526    0.000000  0.000000  0.000000  0.000000
  0.000535    0.000000  0.000000  0.000000  0.000000
  0.000543    0.000000  0.000000  0.000000  0.000000
  0.000552    0.000000  0.000000  0.000000  0.000000
  0.000561    0.000000  0.000000  0.000000  0.000000
  0.000570    0.000000  0.000000  0.000000  0.000000
  0.000579    0.000000  0.000000  0.000000  0.000000
  0.000588    0.000000  0.000000  0.000000  0.000000
  0.000598    0.000000  0.000000  0.000000  0.000000
  0.000608    0.000000  0.000000  0.000000  0.000000
  0.000617    0.000000  0.000000  0.000000  0.000000
  0.000627    0.000000  0.000000  0.000000  0.000000
  0.000637    0.000000  0.000000  0.000000  0.000000
  0.000648    0.000000  0.000000  0.000000  0.000000
  0.000658    0.000000  0.000000  0.000000  0.000000
  0.000669    0.000000  0.000000  0.000000  0.000000
  0.000680    0.000000  0.000000  0.000000  0.000000
  0.000691    0.000000  0.000000  0.000000  0.000000
  0.000702    0.000000  0.000000  0.000000  0.000000
  0.000713    0.000000  0.000000  0.000000  0.000000
  0.000725    0.000000  0.000000  0.000000  0.000000
  0.000736    0.000000  0.000000  0.000000  0.000000
  0.000748    0.000000  0.000000  0.000000  0.000000
  0.000760    0.000000  0.000000  0.000000  0.000000
  0.000772    0.000000  0.000000  0.000000  0.000000
  0.000785    0.000000  0.000000  0.000000  0.000000
  0.000798    0.000000  0.000000  0.000000  0.000000
  0.000810    0.000000  0.000000  0.000000  0.000000
  0.000823    0.000000  0.000000  0.000000  0.000000
  0.000837    0.000000  0.000000  0.000000  0.000000
  0.000850    0.000000  0.000000  0.000000  0.000000
  0.000864    0.000000  0.000000  0.000000  0.000000
  0.000878    0.000000  0.000000  0.000000  0.000000
  0.000892    0.000000  0.000000  0.000000  0.000000
  0.000906    0.000000  0.000000  0.000000  0.000000
  0.000921    0.000000  0.000000  0.000000  0.000000
  0.000936    0.000000  0.000000  0.000000  0.000000
  0.000951    0.000000  0.000000  0.000000  0.000000
  0.000966    0.000000  0.000000  0.000000  0.000000
  0.000982    0.000000  0.000000  0.000000  0.000000
  0.000998    0.000000  0.000000  0.000000  0.000000
  0.001014    0.000000  0.000000  0.000000  0.000000
  0.001030    0.000000  0.000000  0.000000  0.000000
  0.001047    0.000000  0.000000  0.000000  0.000000
  0.001064    0.000000  0.000000  0.000000  0.000000
  0.001081    0.000000  0.000000  0.000000  0.000000
  0.001098    0.000000  0.000000  0.000000  0.000000
  0.001116    0.000000  0.000000  0.000000  0.000000
  0.001134    0.000000  0.000000  0.000000  0.000000
  0.001152    0.000000  0.000000  0.000000  0.000000
  0.001171    0.000000  0.000000  0.000000  0.000000
  0.001190    0.000000  0.000000  0.000000  0.000000
  0.001209    0.000000  0.000000  0.000000  0.000000
  0.001228    0.000000  0.000000  0.000000  0.000000
  0.001248    0.000000  0.000000  0.000000  0.000000
  0.001268    0.000000  0.000000  0.000000  0.000000
  0.001289    0.000000  0.000000  0.000000  0.000000
  0.001310    0.000000  0.000000  0.000000  0.000000
  0.001331    0.000000  0.000000  0.000000  0.000000
  0.001352    0.000000  0.000000  0.000000  0.000000
  0.001374    0.000000  0.000000  0.000000  0.000000
  0.001396    0.000000  0.000000  0.000000  0.000000
  0.001419    0.000000  0.000000  0.000000  0.000000
  0.001442    0.000000  0.000000  0.000000  0.000000
  0.001465    0.000000  0.000000  0.000000  0.000000
  0.001488    0.000000  0.000000  0.000000  0.000000
  0.001512    0.000000  0.000000  0.000000  0.000000
  0.001537    0.000000  0.000000  0.000000  0.000000
  0.001562    0.000000  0.000000  0.000000  0.000000
  0.001587    0.000000  0.000000  0.000000  0.000000
  0.001612    0.000000  0.000000  0.000000  0.000000
  0.001638    0.000000  0.000000  0.000000  0.000000
  0.001665    0.000000  0.000000  0.000000  0.000000
  0.001692    0.000000  0.000000  0.000000  0.000000
  0.001719    0.000000  0.000000  0.000000  0.000000
  0.001747    0.000000  0.000000  0.000000  0.000000
  0.001775    0.000000  0.000000  0.000000  0.000000
  0.001804    0.000000  0.000000  0.000000  0.000000
  0.001833    0.000000  0.000000  0.000000  0.000000
  0.001862    0.000000  0.000000  0.000000  0.000000
  0.001892    0.000000  0.000000  0.000000  0.000000
  0.001923    0.000000  0.000000  0.000000  0.000000
  0.001954    0.000000  0.000000  0.000000  0.000000
  0.001985    0.000000  0.000000  0.000000  0.000000
  0.002017    0.000000  0.000000  0.000000  0.000000
  0.002050    0.000000  0.000000  0.000000  0.000000
  0.002083    0.000000  0.000000  0.000000  0.000000
  0.002116    0.000000  0.000000  0.000000  0.000000
  0.002151    0.000000  0.000000  0.000000  0.000000
  0.002185    0.000000  0.000000  0.000000  0.000000
  0.002221    0.000000  0.000000  0.000000  0.000000
  0.002256    0.000000  0.000000  0.000000  0.000000
  0.002293    0.000000  0.000000  0.000000  0.000000
  0.002330    0.000000  0.000000  0.000000  0.000000
  0.002367    0.000000  0.000000  0.000000  0.000000
  0.002405    0.000000  0.000000  0.000000  0.000000
  0.002444    0.000000  0.000000  0.000000  0.000000
  0.002484    0.000000  0.000000  0.000000  0.000000
  0.002524    0.000000  0.000000  0.000000  0.000000
  0.002564    0.000000  0.000000  0.000000  0.000000
  0.002606    0.000000  0.000000  0.000000  0.000000
  0.002648    0.000000  0.000000  0.000000  0.000000
  0.002691    0.000000  0.000000  0.000000  0.000000
  0.002734    0.000000  0.000000  0.000000  0.000000
  0.002778    0.000000  0.000000  0.000000  0.000000
  0.002823    0.000000  0.000000  0.000000  0.000000
  0.002868    0.000000  0.000000  0.000000  0.000000
  0.002915    0.000000  0.000000  0.000000  0.000000
  0.002962    0.000000  0.000000  0.000000  0.000000
  0.003009    0.000000  0.000000  0.000000  0.000000
  0.003058    0.000000  0.000000  0.000000  0.000000
  0.003107    0.000000  0.000000  0.000000  0.000000
  0.003157    0.000000  0.000000  0.000000  0.000000
  0.003208    0.000000  0.000000  0.000000  0.000000
  0.003260    0.000000  0.000000  0.000000  0.000000
  0.003313    0.000000  0.000000  0.000000  0.000000
  0.003366    0.000000  0.000000  0.000000  0.000000
  0.003420    0.000000  0.000000  0.000000  0.000000
  0.003476    0.000000  0.000000  0.000000  0.000000
  0.003532    0.000000  0.000000  0.000000  0.000000
  0.003589    0.000000  0.000000  0.000000  0.000000
  0.003646    0.000000  0.000000  0.000000  0.000000
  0.003705    0.000000  0.000000  0.000000  0.000000
  0.003765    0.000000  0.000000  0.000000  0.000000
  0.003826    0.000000  0.000000  0.000000  0.000000
  0.003887    0.000000  0.000000  0.000000  0.000000
  0.003950    0.000000  0.000000  0.000000  0.000000
  0.004014    0.000000  0.000000  0.000000  0.000000
  0.004079    0.000000  0.000000  0.000000  0.000000
  0.004144    0.000000  0.000000  0.000000  0.000000
  0.004211    0.000000  0.000000  0.000000  0.000000
  0.004279    0.000000  0.000000  0.000000  0.000000
  0.004348    0.000000  0.000000  0.000000  0.000000
  0.004418    0.000000  0.000000  0.000000  0.000000
  0.004490    0.000000  0.000000  0.000000  0.000000
  0.004562    0.000000  0.000000  0.000000  0.000000
  0.004636    0.000000  0.000000  0.000000  0.000000
  0.004710    0.000000  0.000000  0.000000  0.000000
  0.004786    0.000000  0.000000  0.000000  0.000000
  0.004863    0.000000  0.000000  0.000000  0.000000
  0.004942    0.000000  0.000000  0.000000  0.000000
  0.005022    0.000000  0.000000  0.000000  0.000000
  0.005103    0.000000  0.000000  0.000000  0.000000
  0.005185    0.000000  0.000000  0.000000  0.000000
  0.005269    0.000000  0.000000  0.000000  0.000000
  0.005354    0.000000  0.000000  0.000000  0.000000
  0.005440    0.000000  0.000000  0.000000  0.000000
  0.005528    0.000000  0.000000  0.000000  0.000000
  0.005617    0.000000  0.000000  0.000000  0.000000
  0.005707    0.000000  0.000000  0.000000  0.000000
  0.005799    0.000000  0.000000  0.000000  0.000000
  0.005893    0.000000  0.000000  0.000000  0.000000
  0.005988    0.000000  0.000000  0.000000  0.000000
  0.006085    0.000000  0.000000  0.000000  0.000000
  0.006183    0.000000  0.000000  0.000000  0.000000
  0.006282    0.000000  0.000000  0.000000  0.000000
  0.006384    0.000000  0.000000  0.000000  0.000000
  0.006487    0.000000  0.000000  0.000000  0.000000
  0.006591    0.000000  0.000000  0.000000  0.000000
  0.006698    0.000000  0.000000  0.000000  0.000000
  0.006806    0.000000  0.000000  0.000000  0.000000
  0.006915    0.000000  0.000000  0.000000  0.000000
  0.007027    0.000000  0.000000  0.000000  0.000000
  0.007140    0.000000  0.000000  0.000000  0.000000
  0.007255    0.000000  0.000000  0.000000  0.000000
  0.007373    0.000000  0.000000  0.000000  0.000000
  0.007491    0.000000  0.000000  0.000000  0.000000
  0.007612    0.000000  0.000000  0.000000  0.000000
  0.007735    0.000000  0.000000  0.000000  0.000000
  0.007860    0.000000  0.000000  0.000000  0.000000
  0.007987    0.000000  0.000000  0.000000  0.000000
  0.008115    0.000000  0.000000  0.000000  0.000000
  0.008246    0.000000  0.000000  0.000000  0.000000
  0.008379    0.000000  0.000000  0.000000  0.000000
  0.008514    0.000000  0.000000  0.000000  0.000000
  0.008652    0.000000  0.000000  0.000000  0.000000
  0.008791    0.000000  0.000000  0.000000  0.000000
  0.008933    0.000000  0.000000  0.000000  0.000000
  0.009077    0.000000  0.000000  0.000000  0.000000
  0.009224    0.000000  0.000000  0.000000  0.000000
  0.009372    0.000000  0.000000  0.000000  0.000000
  0.009523    0.000000  0.000000  0.000000  0.000000
  0.009677    0.000000  0.000000  0.000000  0.000000
  0.009833    0.000000  0.000000  0.000000  0.000000
  0.009992    0.000000  0.000000  0.000000  0.000000
  0.010153    0.000000  0.000000  0.000000  0.000000
  0.010317    0.000000  0.000000  0.000000  0.000000
  0.010483    0.000000  0.000000  0.000000  0.000000
  0.010652    0.000000  0.000000  0.000000  0.000000
  0.010824    0.000000  0.000000  0.000000  0.000000
  0.010998    0.000000  0.000000  0.000000  0.000000
  0.011176    0.000000  0.000000  0.000000  0.000000
  0.011356    0.000000  0.000000  0.000000  0.000000
  0.011539    0.000000  0.000000  0.000000  0.000000
  0.011725    0.000000  0.000000  0.000000  0.000000
  0.011915    0.000000  0.000000  0.000000  0.000000
  0.012107    0.000000  0.000000  0.000000  0.000000
  0.012302    0.000000  0.000000  0.000000  0.000000
  0.012500    0.000000  0.000000  0.000000  0.000000
  0.012702    0.000000  0.000000  0.000000  0.000000
  0.012907    0.000000  0.000000  0.000000  0.000000
  0.013115    0.000000  0.000000  0.000000  0.000000
  0.013327    0.000000  0.000000  0.000000  0.000000
  0.013541    0.000000  0.000000  0.000000  0.000000
  0.013760    0.000000  0.000000  0.000000  0.000000
  0.013982    0.000000  0.000000  0.000000  0.000000
  0.014207    0.000000  0.000000  0.000000  0.000000
  0.014436    0.000000  0.000000  0.000000  0.000000
  0.014669    0.000000  0.000000  0.000000  0.000000
  0.014906    0.000000  0.000000  0.000000  0.000000
  0.015146    0.000000  0.000000  0.000000  0.000000
  0.015391    0.000000  0.000000  0.000000  0.000000
  0.015639    0.000000  0.000000  0.000000  0.000000
  0.015891    0.000000  0.000000  0.000000  0.000000
  0.016147    0.000000  0.000000  0.000000  0.000000
  0.016408    0.000000  0.000000  0.000000  0.000000
  0.016672    0.000000  0.000000  0.000000  0.000000
  0.016941    0.000000  0.000000  0.000000  0.000000
  0.017215    0.000000  0.000000  0.000000  0.000000
  0.017492    0.000000  0.000000  0.000000  0.000000
  0.017774    0.000000  0.000000  0.000000  0.000000
  0.018061    0.000000  0.000000  0.000000  0.000000
  0.018352    0.000000  0.000000  0.000000  0.000000
  0.018648    0.000000  0.000000  0.000000  0.000000
  0.018949    0.000000  0.000000  0.000000  0.000000
  0.019255    0.000000  0.000000  0.000000  0.000000
  0.019565    0.000000  0.000000  0.000000  0.000000
  0.019881    0.000001  0.000001  0.000001  0.000001
  0.020202    0.000001  0.000001  0.000001  0.000001
  0.020527    0.000001  0.000001  0.000001  0.000001
  0.020858    0.000001  0.000001  0.000001  0.000001
  0.021195    0.000001  0.000001  0.000001  0.000001
  0.021537    0.000001  0.000001  0.000001  0.000001
  0.021884    0.000001  0.000001  0.000001  0.000001
  0.022237    0.000001  0.000001  0.000001  0.000001
  0.022596    0.000001  0.000001  0.000001  0.000001
  0.022960    0.000001  0.000001  0.000001  0.000001
  0.023330    0.000001  0.000001  0.000001  0.000001
  0.023707    0.000001  0.000001  0.000001  0.000001
  0.024089    0.000001  0.000001  0.000001  0.000001
  0.024478    0.000001  0.000001  0.000001  0.000001
  0.024872    0.000001  0.000001  0.000001  0.000001
  0.025274    0.000001  0.000001  0.000001  0.000001
  0.025681    0.000001  0.000001  0.000001  0.000001
  0.026095    0.000001  0.000001  0.000001  0.000001
  0.026516    0.000002  0.000002  0.000002  0.000002
  0.026944    0.000002  0.000002  0.000002  0.000002
  0.027378    0.000002  0.000002  0.000002  0.000002
  0.027820    0.000002  0.000002  0.000002  0.000002
  0.028269    0.000002  0.000002  0.000002  0.000002
  0.028725    0.000002  0.000002  0.000002  0.000002
  0.029188    0.000002  0.000002  0.000002  0.000002
  0.029659    0.000002  0.000002  0.000002  0.000002
  0.030137    0.000003  0.000003  0.000003  0.000003
  0.030623    0.000003  0.000003  0.000003  0.000003
  0.031117    0.000003  0.000003  0.000003  0.000003
  0.031619    0.000003  0.000003  0.000003  0.000003
  0.032129    0.000003  0.000003  0.000003  0.000003
  0.032647    0.000003  0.000003  0.000003  0.000003
  0.033174    0.000004  0.000004  0.000004  0.000004
  0.033709    0.000004  0.000004  0.000004  0.000004
  0.034252    0.000004  0.000004  0.000004  0.000004
  0.034805    0.000004  0.000004  0.000004  0.000004
  0.035366    0.000005  0.000005  0.000005  0.000005
  0.035937    0.000005  0.000005  0.000005  0.000005
  0.036516    0.000005  0.000005  0.000005  0.000005
  0.037105    0.000006  0.000006  0.000006  0.000006
  0.037704    0.000006  0.000006  0.000006  0.000006
  0.038312    0.000006  0.000006  0.000006  0.000006
  0.038930    0.000007  0.000007  0.000007  0.000007
  0.039558    0.000007  0.000007  0.000007  0.000007
  0.040196    0.000007  0.000007  0.000007  0.000007
  0.040844    0.000008  0.000008  0.000008  0.000008
  0.041503    0.000008  0.000008  0.000008  0.000008
  0.042172    0.000009  0.000009  0.000009  0.000009
  0.042852    0.000010  0.000010  0.000010  0.000010
  0.043543    0.000010  0.000010  0.000010  0.000010
  0.044246    0.000011  0.000011  0.000011  0.000011
  0.044959    0.000011  0.000011  0.000011  0.000011
  0.045684    0.000012  0.000012  0.000012  0.000012
  0.046421    0.000013  0.000013  0.000013  0.000013
  0.047170    0.000014  0.000014  0.000014  0.000014
  0.047931    0.000014  0.000014  0.000014  0.000014
  0.048704    0.000015  0.000015  0.000015  0.000015
  0.049489    0.000016  0.000016  0.000016  0.000016
  0.050288    0.000017  0.000017  0.000017  0.000017
  0.051099    0.000018  0.000018  0.000018  0.000018
  0.051923    0.000019  0.000019  0.000019  0.000019
  0.052760    0.000021  0.000021  0.000021  0.000021
  0.053611    0.000022  0.000022  0.000022  0.000022
  0.054476    0.000023  0.000023  0.000023  0.000023
  0.055354    0.000025  0.000025  0.000025  0.000025
  0.056247    0.000026  0.000026  0.000026  0.000026
  0.057154    0.000028  0.000028  0.000028  0.000028
  0.058076    0.000029  0.000029  0.000029  0.000029
  0.059013    0.000031  0.000031  0.000031  0.000031
  0.059965    0.000033  0.000033  0.000033  0.000033
  0.060932    0.000035  0.000035  0.000035  0.000035
  0.061915    0.000037  0.000037  0.000037  0.000037
  0.062913    0.000039  0.000039  0.000039  0.000039
  0.063928    0.000042  0.000042  0.000042  0.000042
  0.064959    0.000044  0.000044  0.000044  0.000044
  0.066007    0.000047  0.000047  0.000047  0.000047
  0.067071    0.000050  0.000050  0.000050  0.000050
  0.068153    0.000053  0.000053  0.000053  0.000053
  0.069252    0.000056  0.000056  0.000056  0.000056
  0.070369    0.000059  0.000059  0.000059  0.000059
  0.071504    0.000062  0.000062  0.000062  0.000062
  0.072658    0.000066  0.000066  0.000066  0.000066
  0.073829    0.000070  0.000070  0.000070  0.000070
  0.075020    0.000074  0.000074  0.000074  0.000074
  0.076230    0.000079  0.000079  0.000079  0.000079
  0.077460    0.000083  0.000083  0.000083  0.000083
  0.078709    0.000088  0.000088  0.000088  0.000088
  0.079978    0.000093  0.000093  0.000093  0.000093
  0.081268    0.000099  0.000099  0.000099  0.000099
  0.082579    0.000105  0.000105  0.000105  0.000105
  0.083911    0.000111  0.000111  0.000111  0.000111
  0.085264    0.000117  0.000117  0.000117  0.000117
  0.086640    0.000124  0.000124  0.000124  0.000124
  0.088037    0.000131  0.000131  0.000131  0.000131
  0.089457    0.000139  0.000139  0.000139  0.000139
  0.090900    0.000147  0.000147  0.000147  0.000147
  0.092366    0.000155  0.000155  0.000155  0.000155
  0.093856    0.000164  0.000164  0.000164  0.000164
  0.095369    0.000174  0.000174  0.000174  0.000174
  0.096907    0.000184  0.000184  0.000184  0.000184
  0.098470    0.000194  0.000194  0.000194  0.000194
  0.100059    0.000206  0.000206  0.000206  0.000206
  0.101673    0.000217  0.000217  0.000217  0.000217
  0.103312    0.000230  0.000230  0.000230  0.000230
  0.104979    0.000243  0.000243  0.000243  0.000243
  0.106672    0.000257  0.000257  0.000257  0.000257
  0.108392    0.000271  0.000271  0.000271  0.000271
  0.110141    0.000287  0.000287  0.000287  0.000287
  0.111917    0.000303  0.000303  0.000303  0.000303
  0.113722    0.000320  0.000320  0.000320  0.000320
  0.115556    0.000338  0.000338  0.000338  0.000338
  0.117420    0.000357  0.000357  0.000357  0.000357
  0.119314    0.000377  0.000377  0.000377  0.000377
  0.121238    0.000398  0.000398  0.000398  0.000398
  0.123194    0.000420  0.000420  0.000420  0.000420
  0.125181    0.000444  0.000444  0.000444  0.000444
  0.127200    0.000468  0.000468  0.000468  0.000468
  0.129251    0.000494  0.000494  0.000494  0.000494
  0.131336    0.000522  0.000522  0.000522  0.000522
  0.133454    0.000551  0.000551  0.000551  0.000551
  0.135606    0.000581  0.000581  0.000581  0.000581
  0.137794    0.000613  0.000613  0.000613  0.000613
  0.140016    0.000647  0.000647  0.000647  0.000647
  0.142274    0.000682  0.000682  0.000682  0.000682
  0.144569    0.000719  0.000719  0.000719  0.000719
  0.146901    0.000758  0.000758  0.000758  0.000758
  0.149270    0.000800  0.000800  0.000800  0.000800
  0.151678    0.000843  0.000843  0.000843  0.000843
  0.154124    0.000889  0.000889  0.000889  0.000889
  0.156610    0.000937  0.000937  0.000937  0.000937
  0.159136    0.000987  0.000987  0.000987  0.000987
  0.161702    0.001040  0.001040  0.001040  0.001040
  0.164310    0.001096  0.001096  0.001096  0.001096
  0.166960    0.001154  0.001154  0.001154  0.001154
  0.169653    0.001215  0.001215  0.001215  0.001215
  0.172390    0.001280  0.001280  0.001280  0.001280
  0.175170    0.001348  0.001348  0.001348  0.001348
  0.177995    0.001419  0.001419  0.001419  0.001419
  0.180866    0.001494  0.001494  0.001494  0.001494
  0.183783    0.001572  0.001572  0.001572  0.001572
  0.186747    0.001655  0.001655  0.001655  0.001655
  0.189759    0.001741  0.001741  0.001741  0.001741
  0.192820    0.001832  0.001832  0.001832  0.001832
  0.195930    0.001927  0.001927  0.001927  0.001927
  0.199090    0.002027  0.002027  0.002027  0.002027
  0.202301    0.002132  0.002132  0.002132  0.002132
  0.205564    0.002241  0.002241  0.002241  0.002241
  0.208879    0.002357  0.002357  0.002357  0.002357
  0.212248    0.002477  0.002477  0.002477  0.002477
  0.215672    0.002604  0.002604  0.002604  0.002604
  0.219150    0.002736  0.002736  0.002736  0.002736
  0.222685    0.002875  0.002875  0.002875  0.002875
  0.226276    0.003021  0.003021  0.003021  0.003021
  0.229926    0.003173  0.003173  0.003173  0.003173
  0.233634    0.003333  0.003333  0.003333  0.003333
  0.237402    0.003500  0.003500  0.003500  0.003500
  0.241231    0.003675  0.003675  0.003675  0.003675
  0.245122    0.003859  0.003859  0.003859  0.003859
  0.249076    0.004050  0.004050  0.004050  0.004050
  0.253093    0.004251  0.004251  0.004251  0.004251
  0.257175    0.004461  0.004461  0.004461  0.004461
  0.261323    0.004681  0.004681  0.004681  0.004681
  0.265538    0.004911  0.004911  0.004911  0.004911
  0.269820    0.005151  0.005151  0.005151  0.005151
  0.274172    0.005403  0.005403  0.005403  0.005403
  0.278594    0.005665  0.005665  0.005665  0.005665
  0.283088    0.005940  0.005940  0.005940  0.005940
  0.287654    0.006227  0.006227  0.006227  0.006227
  0.292293    0.006528  0.006528  0.006528  0.006528
  0.297007    0.006841  0.006841  0.006841  0.006841
  0.301798    0.007169  0.007169  0.007169  0.007169
  0.306665    0.007511  0.007511  0.007511  0.007511
  0.311611    0.007869  0.007869  0.007869  0.007869
  0.316637    0.008242  0.008242  0.008242  0.008242
  0.321744    0.008632  0.008632  0.008632  0.008632
  0.326934    0.009039  0.009039  0.009039  0.009039
  0.332207    0.009464  0.009464  0.009464  0.009464
  0.337565    0.009907  0.009907  0.009907  0.009907
  0.343009    0.010370  0.010370  0.010370  0.010370
  0.348541    0.010853  0.010853  0.010853  0.010853
  0.354163    0.011357  0.011357  0.011357  0.011357
  0.359875    0.011883  0.011883  0.011883  0.011883
  0.365679    0.012431  0.012431  0.012431  0.012431
  0.371577    0.013004  0.013004  0.013004  0.013004
  0.377570    0.013600  0.013600  0.013600  0.013600
  0.383660    0.014223  0.014223  0.014223  0.014223
  0.389848    0.014872  0.014872  0.014872  0.014872
  0.396136    0.015549  0.015549  0.015549  0.015549
  0.402525    0.016254  0.016254  0.016254  0.016254
  0.409017    0.016990  0.016990  0.016990  0.016990
  0.415614    0.017757  0.017757  0.017757  0.017757
  0.422317    0.018556  0.018556  0.018556  0.018556
  0.429129    0.019389  0.019389  0.019389  0.019389
  0.436050    0.020258  0.020258  0.020258  0.020258
  0.443083    0.021164  0.021164  0.021164  0.021164
  0.450229    0.022107  0.022107  0.022107  0.022107
  0.457491    0.023091  0.023091  0.023091  0.023091
  0.464870    0.024115  0.024115  0.024115  0.024115
  0.472367    0.025183  0.025183  0.025183  0.025183
  0.479986    0.026295  0.026295  0.026295  0.026295
  0.487728    0.027454  0.027454  0.027454  0.027454
  0.495594    0.028662  0.028662  0.028662  0.028662
  0.503587    0.029919  0.029919  0.029919  0.029919
  0.511709    0.031229  0.031229  0.031229  0.031229
  0.519963    0.032592  0.032592  0.032592  0.032592
  0.528349    0.034013  0.034013  0.034013  0.034013
  0.536870    0.035491  0.035491  0.035491  0.035491
  0.545529    0.037031  0.037031  0.037031  0.037031
  0.554328    0.038635  0.038635  0.038635  0.038635
  0.563269    0.040304  0.040304  0.040304  0.040304
  0.572354    0.042042  0.042042  0.042042  0.042042
  0.581585    0.043852  0.043852  0.043852  0.043852
  0.590965    0.045736  0.045736  0.045736  0.045736
  0.600497    0.047697  0.047697  0.047697  0.047697
  0.610182    0.049740  0.049740  0.049740  0.049740
  0.620023    0.051867  0.051867  0.051867  0.051867
  0.630023    0.054081  0.054081  0.054081  0.054081
  0.640185    0.056387  0.056387  0.056387  0.056387
  0.650510    0.058789  0.058789  0.058789  0.058789
  0.661002    0.061290  0.061290  0.061290  0.061290
  0.671663    0.063895  0.063895  0.063895  0.063895
  0.682496    0.066609  0.066609  0.066609  0.066609
  0.693504    0.069436  0.069436  0.069436  0.069436
  0.704689    0.072381  0.072381  0.072381  0.072381
  0.716055    0.075450  0.075450  0.075450  0.075450
  0.727604    0.078649  0.078649  0.078649  0.078649
  0.739339    0.081982  0.081982  0.081982  0.081982
  0.751264    0.085457  0.085457  0.085457  0.085457
  0.763381    0.089079  0.089079  0.089079  0.089079
  0.775693    0.092856  0.092856  0.092856  0.092856
  0.788204    0.096795  0.096795  0.096795  0.096795
  0.800917    0.100903  0.100903  0.100903  0.100903
  0.813834    0.105189  0.105189  0.105189  0.105189
  0.826960    0.109660  0.109660  0.109660  0.109660
  0.840298    0.114326  0.114326  0.114326  0.114326
  0.853851    0.119196  0.119196  0.119196  0.119196
  0.867623    0.124280  0.124280  0.124280  0.124280
  0.881616    0.129587  0.129587  0.129587  0.129587
  0.895836    0.135129  0.135129  0.135129  0.135129
  0.910284    0.140918  0.140918  0.140918  0.140918
  0.924966    0.146965  0.146965  0.146965  0.146965
  0.939884    0.153283  0.153283  0.153283  0.153283
  0.955043    0.159885  0.159885  0.159885  0.159885
  0.970447    0.166786  0.166786  0.166786  0.166786
  0.986099    0.174000  0.174000  0.174000  0.174000
  1.002004    0.181543  0.181543  0.181543  0.181543
  1.018165    0.189431  0.189431  0.189431  0.189431
  1.034586    0.197681  0.197681  0.197681  0.197681
  1.051273    0.206312  0.206312  0.206312  0.206312
  1.068228    0.215343  0.215343  0.215343  0.215343
  1.085458    0.224794  0.224794  0.224794  0.224794
  1.102965    0.234687  0.234687  0.234687  0.234687
  1.120754    0.245043  0.245043  0.245043  0.245043
  1.138830    0.255887  0.255887  0.255887  0.255887
  1.157198    0.267242  0.267242  0.267242  0.267242
  1.175862    0.279136  0.279136  0.279136  0.279136
  1.194827    0.291595  0.291595  0.291595  0.291595
  1.214098    0.304650  0.304650  0.304650  0.304650
  1.233680    0.318328  0.318328  0.318328  0.318328
  1.253578    0.332664  0.332664  0.332664  0.332664
  1.273796    0.347690  0.347690  0.347690  0.347690
  1.294341    0.363442  0.363442  0.363442  0.363442
  1.315217    0.379957  0.379957  0.379957  0.379957
  1.336430    0.397273  0.397273  0.397273  0.397273
  1.357984    0.415431  0.415431  0.415431  0.415431
  1.379887    0.434475  0.434475  0.434475  0.434475
  1.402143    0.454449  0.454449  0.454449  0.454449
  1.424757    0.475401  0.475401  0.475401  0.475401
  1.447737    0.497382  0.497382  0.497382  0.497382
  1.471087    0.520443  0.520443  0.520443  0.520443
  1.494814    0.544640  0.544640  0.544640  0.544640
  1.518923    0.570033  0.570033  0.570033  0.570033
  1.543421    0.596685  0.596685  0.596685  0.596685
  1.568315    0.624661  0.624661  0.624661  0.624661
  1.593610    0.654032  0.654032  0.654032  0.654032
  1.619312    0.684874  0.684874  0.684874  0.684874
  1.645430    0.717268  0.717268  0.717268  0.717268
  1.671968    0.751298  0.751298  0.751298  0.751298
  1.698935    0.787052  0.787052  0.787052  0.787052
  1.726337    0.824626  0.824626  0.824626  0.824626
  1.754180    0.864115  0.864115  0.864115  0.864115
  1.782473    0.905618  0.905618  0.905618  0.905618
  1.811222    0.949234  0.949234  0.949234  0.949234
  1.840434    0.995064  0.995064  0.995064  0.995064
  1.870118    1.043207  1.043207  1.043207  1.043207
  1.900281    1.093760  1.093760  1.093760  1.093760
  1.930930    1.146822  1.146822  1.146822  1.146822
  1.962073    1.202485  1.202485  1.202485  1.202485
  1.993719    1.260844  1.260844  1.260844  1.260844
  2.025875    1.321991  1.321991  1.321991  1.321991
  2.058549    1.386013  1.386013  1.386013  1.386013
  2.091751    1.452998  1.452998  1.452998  1.452998
  2.125488    1.523032  1.523032  1.523032  1.523032
  2.159770    1.596197  1.596197  1.596197  1.596197
  2.194604    1.672584  1.672584  1.672584  1.672584
  2.230000    1.752300  1.752300  1.752300  1.752300
