1   f l a p w  version fleur.26b


 -------- dump of inp-file ------------
strho=F,film=F,dos=T,isec1=99,ndir= 0,secvar=F
bcc Fe                                                                          
any any ,invs=T,zrfs=F,invs2=F,jspins=2,l_noco=F,l_J=F,ms=F,sgwf=F,socgwf=F
    -2.67728003     2.67728003     2.67728003
     2.67728003    -2.67728003     2.67728003
     2.67728003     2.67728003    -2.67728003    -2.67728003     1.00000000
pbe    non-relativi
igrd=1,lwb=F,ndvgrd=6,idsprs=0,chng=-0.100D-11
    
  1
**********************************
Fe  26    4   12  981  2.260000  0.016000
    
 1,force =T,nlo= 2,llo=  0  1
  0.000000  0.000000  0.000000  4.000000
**********************************
 15.000000 12.500000
vchk=F,cdinf=F,pot8=F,gw=0,numbands=  0
lpr=0,form66=F,l_f=F,eonly=F,eig66=F,soc66=T
  8
  1  0
Window # 1
  -1.80000   1.00000  16.00000
   5.20000 =kmax
gauss=F   0.00100tria=F
  0.000000  0.000000,l_soc=T,spav=F,off=F
frcor=F,slice=F,ctail=T,disp=F,kcrel=0,u2f=F,f2u=F,bmt=F
itmax= 9,maxiter= 99,imix= 7,alpha=  0.05,spinf=  2.00
swsp=F  2.20
lflip=F  1
vacdos=F,layers= 0,integ=F,star=F,nstars= 0     0.00     0.00     0.00     0.00,nstm=0,tworkf=  0.000000

iplot=F,score=F,plpot=F,band=T
  0  0.000000  0.000000,nnne=  0,pallst=F
xa=   2.00000,thetad= 330.00000,epsdisp=   0.00001,epsforce=   0.00001
relax 111
emin_dos=  -0.50000,emax_dos=   1.00000,sig_dos=   0.01500


    bcc Fe                                                                          


 lattice=any
 name of space group=any 
 inversion symmetry=   T
 z-reflection symmetry=F
 vacuum-inversion symm=F
 jspins=2
 unit cell scaled by      1.000000
 the vacuum begins at z= -1.338640
 dtilda/2=               -1.338640
igrd=1,lwb=F,ndvgrd=6,idsprs=0,chng=-0.100D-11


Fe  26    4   12  981  2.260000  0.016000
  0.000000  0.000000  0.000000  4.000000
 nwd=           1 lepr=           0



 input of parameters for eigenvalues:
    eigenvectors are not printed
    formatted eigenvector file = F
    calculate Pulay-forces = F
    eigenvalues only = F
    number of energy windows = 1
    energy parameter mode: absolute


    max. l value in wavefunctions for atom type(s) 1 to  1:  8


 energy window  1 of  1 from  -1.800 to   1.000 hartrees; nr. of electrons=  16.0

 wavefunction cutoff (relative) =   5.20000
                     (absolute) =   5.20000
 itmax=           9  broy_sv=          99  imix=           7
 alpha=  5.000000000000000E-002  spinf=   2.00000000000000     
 gmax= 14.935287
 nq3=    577
 izmin=    0
 izmax=   -1
 nk1=     23
 nk2=     23
 nk3=     23

 mx1=    11
 mx2=    11 mx3=    11


 number of k-points for this window =  552
           coordinates           weights
  -0.40625   0.46875   0.46875   0.00195
  -0.46875   0.46875   0.46875   0.00098
  -0.34375   0.40625   0.46875   0.00195
  -0.40625   0.40625   0.46875   0.00098
  -0.40625   0.46875   0.40625   0.00195
  -0.28125   0.34375   0.46875   0.00195
  -0.34375   0.34375   0.46875   0.00098
  -0.34375   0.40625   0.40625   0.00195
  -0.34375   0.46875   0.34375   0.00195
  -0.21875   0.28125   0.46875   0.00195
  -0.28125   0.28125   0.46875   0.00098
  -0.28125   0.34375   0.40625   0.00195
  -0.28125   0.40625   0.34375   0.00195
  -0.28125   0.46875   0.28125   0.00195
  -0.15625   0.21875   0.46875   0.00195
  -0.21875   0.21875   0.46875   0.00098
  -0.21875   0.28125   0.40625   0.00195
  -0.21875   0.34375   0.34375   0.00195
  -0.21875   0.40625   0.28125   0.00195
  -0.21875   0.46875   0.21875   0.00195
  -0.09375   0.15625   0.46875   0.00195
  -0.15625   0.15625   0.46875   0.00098
  -0.15625   0.21875   0.40625   0.00195
  -0.15625   0.28125   0.34375   0.00195
  -0.15625   0.34375   0.28125   0.00195
  -0.15625   0.40625   0.21875   0.00195
  -0.15625   0.46875   0.15625   0.00195
  -0.03125   0.09375   0.46875   0.00195
  -0.09375   0.09375   0.46875   0.00098
  -0.09375   0.15625   0.40625   0.00195
  -0.09375   0.21875   0.34375   0.00195
  -0.09375   0.28125   0.28125   0.00195
  -0.09375   0.34375   0.21875   0.00195
  -0.09375   0.40625   0.15625   0.00195
  -0.09375   0.46875   0.09375   0.00195
   0.03125   0.03125   0.46875   0.00098
  -0.03125   0.03125   0.46875   0.00098
  -0.03125   0.09375   0.40625   0.00195
  -0.03125   0.15625   0.34375   0.00195
  -0.03125   0.21875   0.28125   0.00195
  -0.03125   0.28125   0.21875   0.00195
  -0.03125   0.34375   0.15625   0.00195
  -0.03125   0.40625   0.09375   0.00195
  -0.03125   0.46875   0.03125   0.00195
   0.03125  -0.03125   0.46875   0.00098
   0.03125   0.03125   0.40625   0.00195
   0.03125   0.09375   0.34375   0.00195
   0.03125   0.15625   0.28125   0.00195
   0.03125   0.21875   0.21875   0.00195
   0.03125   0.28125   0.15625   0.00195
   0.03125   0.34375   0.09375   0.00195
   0.03125   0.40625   0.03125   0.00195
   0.03125   0.46875  -0.03125   0.00195
   0.09375  -0.09375   0.46875   0.00098
   0.09375  -0.03125   0.40625   0.00195
   0.09375   0.03125   0.34375   0.00195
   0.09375   0.09375   0.28125   0.00195
   0.09375   0.15625   0.21875   0.00195
   0.09375   0.21875   0.15625   0.00195
   0.09375   0.28125   0.09375   0.00195
   0.09375   0.34375   0.03125   0.00195
   0.09375   0.40625  -0.03125   0.00195
   0.09375   0.46875  -0.09375   0.00195
   0.15625  -0.15625   0.46875   0.00098
   0.15625  -0.09375   0.40625   0.00195
   0.15625  -0.03125   0.34375   0.00195
   0.15625   0.03125   0.28125   0.00195
   0.15625   0.09375   0.21875   0.00195
   0.15625   0.15625   0.15625   0.00195
   0.15625   0.21875   0.09375   0.00195
   0.15625   0.28125   0.03125   0.00195
   0.15625   0.34375  -0.03125   0.00195
   0.15625   0.40625  -0.09375   0.00195
   0.15625   0.46875  -0.15625   0.00195
   0.21875  -0.21875   0.46875   0.00098
   0.21875  -0.15625   0.40625   0.00195
   0.21875  -0.09375   0.34375   0.00195
   0.21875  -0.03125   0.28125   0.00195
   0.21875   0.03125   0.21875   0.00195
   0.21875   0.09375   0.15625   0.00195
   0.21875   0.15625   0.09375   0.00195
   0.21875   0.21875   0.03125   0.00195
   0.21875   0.28125  -0.03125   0.00195
   0.21875   0.34375  -0.09375   0.00195
   0.21875   0.40625  -0.15625   0.00195
   0.21875   0.46875  -0.21875   0.00195
  -0.46875   0.46875   0.28125   0.00098
  -0.40625   0.46875   0.21875   0.00195
   0.28125  -0.15625   0.34375   0.00195
   0.28125  -0.09375   0.28125   0.00195
   0.28125  -0.03125   0.21875   0.00195
   0.28125   0.03125   0.15625   0.00195
   0.28125   0.09375   0.09375   0.00195
   0.28125   0.15625   0.03125   0.00195
   0.28125   0.21875  -0.03125   0.00195
   0.28125   0.28125  -0.09375   0.00195
   0.28125   0.34375  -0.15625   0.00195
   0.28125   0.40625  -0.21875   0.00195
   0.28125   0.46875  -0.28125   0.00195
  -0.46875   0.46875   0.34375   0.00098
  -0.40625   0.46875   0.28125   0.00195
  -0.34375   0.46875   0.21875   0.00195
  -0.28125   0.46875   0.15625   0.00195
  -0.21875   0.46875   0.09375   0.00195
  -0.15625   0.46875   0.03125   0.00195
   0.34375   0.03125   0.09375   0.00195
   0.34375   0.09375   0.03125   0.00195
   0.34375   0.15625  -0.03125   0.00195
   0.34375   0.21875  -0.09375   0.00195
   0.34375   0.28125  -0.15625   0.00195
   0.34375   0.34375  -0.21875   0.00195
   0.34375   0.40625  -0.28125   0.00195
   0.34375   0.46875  -0.34375   0.00195
  -0.46875   0.46875   0.40625   0.00098
  -0.40625   0.46875   0.34375   0.00195
  -0.34375   0.46875   0.28125   0.00195
  -0.28125   0.46875   0.21875   0.00195
  -0.21875   0.46875   0.15625   0.00195
  -0.15625   0.46875   0.09375   0.00195
  -0.09375   0.46875   0.03125   0.00195
  -0.03125   0.46875  -0.03125   0.00195
   0.03125   0.46875  -0.09375   0.00195
   0.09375   0.46875  -0.15625   0.00195
   0.15625   0.46875  -0.21875   0.00195
   0.40625   0.28125  -0.21875   0.00195
   0.40625   0.34375  -0.28125   0.00195
   0.40625   0.40625  -0.34375   0.00195
   0.40625   0.46875  -0.40625   0.00195
   0.46875   0.46875  -0.46875   0.00049
  -0.34375   0.46875   0.40625   0.00195
  -0.21875   0.40625   0.40625   0.00195
  -0.28125   0.40625   0.40625   0.00195
  -0.40625   0.40625   0.40625   0.00098
  -0.15625   0.34375   0.40625   0.00195
  -0.21875   0.34375   0.40625   0.00195
  -0.34375   0.34375   0.40625   0.00098
  -0.34375   0.40625   0.34375   0.00195
  -0.09375   0.28125   0.40625   0.00195
  -0.15625   0.28125   0.40625   0.00195
  -0.28125   0.28125   0.40625   0.00098
  -0.28125   0.34375   0.34375   0.00195
  -0.28125   0.40625   0.28125   0.00195
  -0.03125   0.21875   0.40625   0.00195
  -0.09375   0.21875   0.40625   0.00195
  -0.21875   0.21875   0.40625   0.00098
  -0.21875   0.28125   0.34375   0.00195
  -0.21875   0.34375   0.28125   0.00195
  -0.21875   0.40625   0.21875   0.00195
   0.03125   0.15625   0.40625   0.00195
  -0.03125   0.15625   0.40625   0.00195
  -0.15625   0.15625   0.40625   0.00098
  -0.15625   0.21875   0.34375   0.00195
  -0.15625   0.28125   0.28125   0.00195
  -0.15625   0.34375   0.21875   0.00195
  -0.15625   0.40625   0.15625   0.00195
   0.09375   0.09375   0.40625   0.00098
   0.03125   0.09375   0.40625   0.00195
  -0.09375   0.09375   0.40625   0.00098
  -0.09375   0.15625   0.34375   0.00195
  -0.09375   0.21875   0.28125   0.00195
  -0.09375   0.28125   0.21875   0.00195
  -0.09375   0.34375   0.15625   0.00195
  -0.09375   0.40625   0.09375   0.00195
   0.09375   0.03125   0.40625   0.00195
  -0.03125   0.03125   0.40625   0.00098
  -0.03125   0.09375   0.34375   0.00195
  -0.03125   0.15625   0.28125   0.00195
  -0.03125   0.21875   0.21875   0.00195
  -0.03125   0.28125   0.15625   0.00195
  -0.03125   0.34375   0.09375   0.00195
  -0.03125   0.40625   0.03125   0.00195
   0.15625  -0.03125   0.40625   0.00195
   0.03125  -0.03125   0.40625   0.00098
   0.03125   0.03125   0.34375   0.00195
   0.03125   0.09375   0.28125   0.00195
   0.03125   0.15625   0.21875   0.00195
   0.03125   0.21875   0.15625   0.00195
   0.03125   0.28125   0.09375   0.00195
   0.03125   0.34375   0.03125   0.00195
   0.03125   0.40625  -0.03125   0.00195
   0.21875  -0.09375   0.40625   0.00195
   0.09375  -0.09375   0.40625   0.00098
   0.09375  -0.03125   0.34375   0.00195
   0.09375   0.03125   0.28125   0.00195
   0.09375   0.09375   0.21875   0.00195
   0.09375   0.15625   0.15625   0.00195
   0.09375   0.21875   0.09375   0.00195
   0.09375   0.28125   0.03125   0.00195
   0.09375   0.34375  -0.03125   0.00195
   0.09375   0.40625  -0.09375   0.00195
   0.28125  -0.15625   0.40625   0.00195
   0.15625  -0.15625   0.40625   0.00098
   0.15625  -0.09375   0.34375   0.00195
   0.15625  -0.03125   0.28125   0.00195
   0.15625   0.03125   0.21875   0.00195
   0.15625   0.09375   0.15625   0.00195
   0.15625   0.15625   0.09375   0.00195
   0.15625   0.21875   0.03125   0.00195
   0.15625   0.28125  -0.03125   0.00195
   0.15625   0.34375  -0.09375   0.00195
   0.15625   0.40625  -0.15625   0.00195
  -0.40625   0.53125   0.21875   0.00195
   0.21875  -0.21875   0.40625   0.00098
   0.21875  -0.15625   0.34375   0.00195
   0.21875  -0.09375   0.28125   0.00195
   0.21875  -0.03125   0.21875   0.00195
   0.21875   0.03125   0.15625   0.00195
   0.21875   0.09375   0.09375   0.00195
   0.21875   0.15625   0.03125   0.00195
   0.21875   0.21875  -0.03125   0.00195
   0.21875   0.28125  -0.09375   0.00195
   0.21875   0.34375  -0.15625   0.00195
   0.21875   0.40625  -0.21875   0.00195
  -0.40625   0.53125   0.28125   0.00195
  -0.40625   0.40625   0.28125   0.00098
  -0.34375   0.40625   0.21875   0.00195
  -0.28125   0.40625   0.15625   0.00195
  -0.21875   0.40625   0.09375   0.00195
   0.28125  -0.03125   0.15625   0.00195
   0.28125   0.03125   0.09375   0.00195
   0.28125   0.09375   0.03125   0.00195
   0.28125   0.15625  -0.03125   0.00195
   0.28125   0.21875  -0.09375   0.00195
   0.28125   0.28125  -0.15625   0.00195
   0.28125   0.34375  -0.21875   0.00195
   0.28125   0.40625  -0.28125   0.00195
  -0.40625   0.53125   0.34375   0.00195
  -0.40625   0.40625   0.34375   0.00098
  -0.34375   0.40625   0.28125   0.00195
  -0.28125   0.40625   0.21875   0.00195
  -0.21875   0.40625   0.15625   0.00195
  -0.15625   0.40625   0.09375   0.00195
  -0.09375   0.40625   0.03125   0.00195
  -0.03125   0.40625  -0.03125   0.00195
   0.03125   0.40625  -0.09375   0.00195
   0.09375   0.40625  -0.15625   0.00195
   0.34375   0.21875  -0.15625   0.00195
   0.34375   0.28125  -0.21875   0.00195
   0.34375   0.34375  -0.28125   0.00195
   0.34375   0.40625  -0.34375   0.00195
   0.40625   0.40625  -0.40625   0.00049
  -0.28125   0.46875   0.34375   0.00195
  -0.15625   0.40625   0.34375   0.00195
  -0.21875   0.40625   0.34375   0.00195
  -0.03125   0.34375   0.34375   0.00195
  -0.09375   0.34375   0.34375   0.00195
  -0.15625   0.34375   0.34375   0.00195
  -0.34375   0.34375   0.34375   0.00098
   0.03125   0.28125   0.34375   0.00195
  -0.03125   0.28125   0.34375   0.00195
  -0.09375   0.28125   0.34375   0.00195
  -0.28125   0.28125   0.34375   0.00098
  -0.28125   0.34375   0.28125   0.00195
   0.09375   0.21875   0.34375   0.00195
   0.03125   0.21875   0.34375   0.00195
  -0.03125   0.21875   0.34375   0.00195
  -0.21875   0.21875   0.34375   0.00098
  -0.21875   0.28125   0.28125   0.00195
  -0.21875   0.34375   0.21875   0.00195
   0.15625   0.15625   0.34375   0.00098
   0.09375   0.15625   0.34375   0.00195
   0.03125   0.15625   0.34375   0.00195
  -0.15625   0.15625   0.34375   0.00098
  -0.15625   0.21875   0.28125   0.00195
  -0.15625   0.28125   0.21875   0.00195
  -0.15625   0.34375   0.15625   0.00195
   0.15625   0.09375   0.34375   0.00195
   0.09375   0.09375   0.34375   0.00195
  -0.09375   0.09375   0.34375   0.00098
  -0.09375   0.15625   0.28125   0.00195
  -0.09375   0.21875   0.21875   0.00195
  -0.09375   0.28125   0.15625   0.00195
  -0.09375   0.34375   0.09375   0.00195
   0.21875   0.03125   0.34375   0.00195
   0.15625   0.03125   0.34375   0.00195
  -0.03125   0.03125   0.34375   0.00098
  -0.03125   0.09375   0.28125   0.00195
  -0.03125   0.15625   0.21875   0.00195
  -0.03125   0.21875   0.15625   0.00195
  -0.03125   0.28125   0.09375   0.00195
  -0.03125   0.34375   0.03125   0.00195
   0.28125  -0.03125   0.34375   0.00195
   0.21875  -0.03125   0.34375   0.00195
   0.03125  -0.03125   0.34375   0.00098
   0.03125   0.03125   0.28125   0.00195
   0.03125   0.09375   0.21875   0.00195
   0.03125   0.15625   0.15625   0.00195
   0.03125   0.21875   0.09375   0.00195
   0.03125   0.28125   0.03125   0.00195
   0.03125   0.34375  -0.03125   0.00195
   0.34375  -0.09375   0.34375   0.00195
   0.28125  -0.09375   0.34375   0.00195
   0.09375  -0.09375   0.34375   0.00098
   0.09375  -0.03125   0.28125   0.00195
   0.09375   0.03125   0.21875   0.00195
   0.09375   0.09375   0.15625   0.00195
   0.09375   0.15625   0.09375   0.00195
   0.09375   0.21875   0.03125   0.00195
   0.09375   0.28125  -0.03125   0.00195
   0.09375   0.34375  -0.09375   0.00195
  -0.34375   0.59375   0.15625   0.00195
  -0.34375   0.53125   0.15625   0.00195
   0.15625  -0.15625   0.34375   0.00098
   0.15625  -0.09375   0.28125   0.00195
   0.15625  -0.03125   0.21875   0.00195
   0.15625   0.03125   0.15625   0.00195
   0.15625   0.09375   0.09375   0.00195
   0.15625   0.15625   0.03125   0.00195
   0.15625   0.21875  -0.03125   0.00195
   0.15625   0.28125  -0.09375   0.00195
   0.15625   0.34375  -0.15625   0.00195
  -0.34375   0.53125   0.21875   0.00195
  -0.34375   0.34375   0.21875   0.00098
  -0.28125   0.34375   0.15625   0.00195
   0.21875  -0.09375   0.21875   0.00195
   0.21875  -0.03125   0.15625   0.00195
   0.21875   0.03125   0.09375   0.00195
   0.21875   0.09375   0.03125   0.00195
   0.21875   0.15625  -0.03125   0.00195
   0.21875   0.21875  -0.09375   0.00195
   0.21875   0.28125  -0.15625   0.00195
   0.21875   0.34375  -0.21875   0.00195
  -0.34375   0.53125   0.28125   0.00195
  -0.34375   0.34375   0.28125   0.00098
  -0.28125   0.34375   0.21875   0.00195
  -0.21875   0.34375   0.15625   0.00195
  -0.15625   0.34375   0.09375   0.00195
  -0.09375   0.34375   0.03125   0.00195
  -0.03125   0.34375  -0.03125   0.00195
   0.03125   0.34375  -0.09375   0.00195
   0.28125   0.15625  -0.09375   0.00195
   0.28125   0.21875  -0.15625   0.00195
   0.28125   0.28125  -0.21875   0.00195
   0.28125   0.34375  -0.28125   0.00195
   0.34375   0.34375  -0.34375   0.00049
  -0.21875   0.46875   0.28125   0.00195
  -0.09375   0.40625   0.28125   0.00195
  -0.15625   0.40625   0.28125   0.00195
   0.03125   0.34375   0.28125   0.00195
  -0.03125   0.34375   0.28125   0.00195
  -0.09375   0.34375   0.28125   0.00195
   0.15625   0.28125   0.28125   0.00195
   0.09375   0.28125   0.28125   0.00195
   0.03125   0.28125   0.28125   0.00195
  -0.03125   0.28125   0.28125   0.00195
  -0.28125   0.28125   0.28125   0.00098
   0.21875   0.21875   0.28125   0.00098
   0.15625   0.21875   0.28125   0.00195
   0.09375   0.21875   0.28125   0.00195
   0.03125   0.21875   0.28125   0.00195
  -0.21875   0.21875   0.28125   0.00098
  -0.21875   0.28125   0.21875   0.00195
   0.21875   0.15625   0.28125   0.00195
   0.15625   0.15625   0.28125   0.00195
   0.09375   0.15625   0.28125   0.00195
  -0.15625   0.15625   0.28125   0.00098
  -0.15625   0.21875   0.21875   0.00195
  -0.15625   0.28125   0.15625   0.00195
   0.28125   0.09375   0.28125   0.00195
   0.21875   0.09375   0.28125   0.00195
   0.15625   0.09375   0.28125   0.00195
  -0.09375   0.09375   0.28125   0.00098
  -0.09375   0.15625   0.21875   0.00195
  -0.09375   0.21875   0.15625   0.00195
  -0.09375   0.28125   0.09375   0.00195
   0.34375   0.03125   0.28125   0.00195
   0.28125   0.03125   0.28125   0.00195
   0.21875   0.03125   0.28125   0.00195
  -0.03125   0.03125   0.28125   0.00098
  -0.03125   0.09375   0.21875   0.00195
  -0.03125   0.15625   0.15625   0.00195
  -0.03125   0.21875   0.09375   0.00195
  -0.03125   0.28125   0.03125   0.00195
   0.34375  -0.03125   0.28125   0.00195
   0.28125  -0.03125   0.28125   0.00195
   0.03125  -0.03125   0.28125   0.00098
   0.03125   0.03125   0.21875   0.00195
   0.03125   0.09375   0.15625   0.00195
   0.03125   0.15625   0.09375   0.00195
   0.03125   0.21875   0.03125   0.00195
   0.03125   0.28125  -0.03125   0.00195
  -0.28125   0.59375   0.09375   0.00195
   0.34375  -0.09375   0.28125   0.00195
   0.09375  -0.09375   0.28125   0.00098
   0.09375  -0.03125   0.21875   0.00195
   0.09375   0.03125   0.15625   0.00195
   0.09375   0.09375   0.09375   0.00195
   0.09375   0.15625   0.03125   0.00195
   0.09375   0.21875  -0.03125   0.00195
   0.09375   0.28125  -0.09375   0.00195
  -0.28125   0.53125   0.15625   0.00195
   0.15625  -0.15625   0.28125   0.00098
   0.15625  -0.09375   0.21875   0.00195
   0.15625  -0.03125   0.15625   0.00195
   0.15625   0.03125   0.09375   0.00195
   0.15625   0.09375   0.03125   0.00195
   0.15625   0.15625  -0.03125   0.00195
   0.15625   0.21875  -0.09375   0.00195
   0.15625   0.28125  -0.15625   0.00195
  -0.28125   0.53125   0.21875   0.00195
  -0.28125   0.28125   0.21875   0.00098
  -0.21875   0.28125   0.15625   0.00195
  -0.15625   0.28125   0.09375   0.00195
  -0.09375   0.28125   0.03125   0.00195
  -0.03125   0.28125  -0.03125   0.00195
   0.21875   0.09375  -0.03125   0.00195
   0.21875   0.15625  -0.09375   0.00195
   0.21875   0.21875  -0.15625   0.00195
   0.21875   0.28125  -0.21875   0.00195
   0.28125   0.28125  -0.28125   0.00049
   0.40625   0.40625  -0.28125   0.00195
  -0.15625   0.46875   0.21875   0.00195
  -0.03125   0.40625   0.21875   0.00195
  -0.09375   0.40625   0.21875   0.00195
   0.09375   0.34375   0.21875   0.00195
   0.03125   0.34375   0.21875   0.00195
  -0.03125   0.34375   0.21875   0.00195
   0.21875   0.28125   0.21875   0.00195
   0.15625   0.28125   0.21875   0.00195
   0.09375   0.28125   0.21875   0.00195
   0.03125   0.28125   0.21875   0.00195
   0.21875   0.21875   0.21875   0.00195
   0.15625   0.21875   0.21875   0.00195
   0.09375   0.21875   0.21875   0.00195
  -0.21875   0.21875   0.21875   0.00098
   0.28125   0.15625   0.21875   0.00195
   0.21875   0.15625   0.21875   0.00195
   0.15625   0.15625   0.21875   0.00195
  -0.15625   0.15625   0.21875   0.00098
  -0.15625   0.21875   0.15625   0.00195
   0.34375   0.09375   0.21875   0.00195
   0.28125   0.09375   0.21875   0.00195
   0.21875   0.09375   0.21875   0.00195
  -0.09375   0.09375   0.21875   0.00098
  -0.09375   0.15625   0.15625   0.00195
  -0.09375   0.21875   0.09375   0.00195
   0.34375   0.03125   0.21875   0.00195
   0.28125   0.03125   0.21875   0.00195
  -0.03125   0.03125   0.21875   0.00098
  -0.03125   0.09375   0.15625   0.00195
  -0.03125   0.15625   0.09375   0.00195
  -0.03125   0.21875   0.03125   0.00195
   0.40625  -0.03125   0.21875   0.00195
   0.34375  -0.03125   0.21875   0.00195
   0.03125  -0.03125   0.21875   0.00098
   0.03125   0.03125   0.15625   0.00195
   0.03125   0.09375   0.09375   0.00195
   0.03125   0.15625   0.03125   0.00195
   0.03125   0.21875  -0.03125   0.00195
  -0.21875   0.53125   0.09375   0.00195
   0.09375  -0.09375   0.21875   0.00098
   0.09375  -0.03125   0.15625   0.00195
   0.09375   0.03125   0.09375   0.00195
   0.09375   0.09375   0.03125   0.00195
   0.09375   0.15625  -0.03125   0.00195
   0.09375   0.21875  -0.09375   0.00195
  -0.21875   0.53125   0.15625   0.00195
  -0.21875   0.21875   0.15625   0.00098
  -0.15625   0.21875   0.09375   0.00195
  -0.09375   0.21875   0.03125   0.00195
   0.15625   0.03125   0.03125   0.00195
   0.15625   0.09375  -0.03125   0.00195
   0.15625   0.15625  -0.09375   0.00195
   0.15625   0.21875  -0.15625   0.00195
   0.21875   0.21875  -0.21875   0.00049
   0.40625   0.34375  -0.21875   0.00195
   0.34375   0.40625  -0.21875   0.00195
  -0.09375   0.46875   0.15625   0.00195
   0.03125   0.40625   0.15625   0.00195
  -0.03125   0.40625   0.15625   0.00195
   0.15625   0.34375   0.15625   0.00195
   0.09375   0.34375   0.15625   0.00195
   0.03125   0.34375   0.15625   0.00195
   0.21875   0.28125   0.15625   0.00195
   0.15625   0.28125   0.15625   0.00195
   0.09375   0.28125   0.15625   0.00195
   0.28125   0.21875   0.15625   0.00195
   0.21875   0.21875   0.15625   0.00195
   0.15625   0.21875   0.15625   0.00195
   0.28125   0.15625   0.15625   0.00195
   0.21875   0.15625   0.15625   0.00195
  -0.15625   0.15625   0.15625   0.00098
   0.34375   0.09375   0.15625   0.00195
   0.28125   0.09375   0.15625   0.00195
  -0.09375   0.09375   0.15625   0.00098
  -0.09375   0.15625   0.09375   0.00195
   0.40625   0.03125   0.15625   0.00195
   0.34375   0.03125   0.15625   0.00195
  -0.03125   0.03125   0.15625   0.00098
  -0.03125   0.09375   0.09375   0.00195
  -0.03125   0.15625   0.03125   0.00195
  -0.15625   0.53125   0.03125   0.00195
   0.03125  -0.03125   0.15625   0.00098
   0.03125   0.03125   0.09375   0.00195
   0.03125   0.09375   0.03125   0.00195
   0.03125   0.15625  -0.03125   0.00195
  -0.15625   0.53125   0.09375   0.00195
  -0.15625   0.15625   0.09375   0.00098
   0.09375  -0.03125   0.09375   0.00195
   0.09375   0.03125   0.03125   0.00195
   0.09375   0.09375  -0.03125   0.00195
   0.09375   0.15625  -0.09375   0.00195
   0.15625   0.15625  -0.15625   0.00049
   0.40625   0.28125  -0.15625   0.00195
   0.34375   0.34375  -0.15625   0.00195
   0.28125   0.40625  -0.15625   0.00195
  -0.03125   0.46875   0.09375   0.00195
   0.09375   0.40625   0.09375   0.00195
   0.03125   0.40625   0.09375   0.00195
   0.15625   0.34375   0.09375   0.00195
   0.09375   0.34375   0.09375   0.00195
   0.28125   0.28125   0.09375   0.00195
   0.21875   0.28125   0.09375   0.00195
   0.15625   0.28125   0.09375   0.00195
   0.28125   0.21875   0.09375   0.00195
   0.21875   0.21875   0.09375   0.00195
   0.34375   0.15625   0.09375   0.00195
   0.28125   0.15625   0.09375   0.00195
   0.34375   0.09375   0.09375   0.00195
  -0.09375   0.09375   0.09375   0.00098
  -0.09375   0.53125  -0.03125   0.00195
  -0.03125   0.03125   0.09375   0.00098
  -0.03125   0.09375   0.03125   0.00195
  -0.09375   0.53125   0.03125   0.00195
   0.03125  -0.03125   0.09375   0.00098
   0.03125   0.03125   0.03125   0.00195
   0.03125   0.09375  -0.03125   0.00195
   0.09375   0.09375  -0.09375   0.00049
   0.40625   0.21875  -0.09375   0.00195
   0.34375   0.28125  -0.09375   0.00195
   0.28125   0.34375  -0.09375   0.00195
   0.34375   0.34375  -0.09375   0.00195
   0.21875   0.40625  -0.09375   0.00195
   0.03125   0.46875   0.03125   0.00195
   0.09375   0.40625   0.03125   0.00195
   0.21875   0.34375   0.03125   0.00195
   0.15625   0.34375   0.03125   0.00195
   0.28125   0.28125   0.03125   0.00195
   0.21875   0.28125   0.03125   0.00195
   0.34375   0.21875   0.03125   0.00195
   0.28125   0.21875   0.03125   0.00195
   0.34375   0.15625   0.03125   0.00195
   0.40625   0.09375   0.03125   0.00195
  -0.03125   0.03125   0.03125   0.00098
   0.03125   0.03125  -0.03125   0.00049
   0.40625   0.15625  -0.03125   0.00195
   0.34375   0.21875  -0.03125   0.00195
   0.28125   0.28125  -0.03125   0.00195
   0.34375   0.28125  -0.03125   0.00195
   0.21875   0.34375  -0.03125   0.00195
   0.28125   0.34375  -0.03125   0.00195
   0.15625   0.40625  -0.03125   0.00195


          convergence parameters for the pseudocharge density expansion
          atom     parameter     max. l to include

            1          26              25
          max values allowed: ncvd= 26, l= 25


             it=        1

          total charge for spin  1=   14.100000
          interst. charge =       0.596629
          mt charge=             13.503371

          total charge for spin  2=   11.900000
          interst. charge =       0.521497
          mt charge=             11.378503

          total charge  =   26.000000

          total charge for spin  1=   14.100000
          interst. charge =       0.596629
          mt charge=             13.503371

          total charge for spin  2=   11.900000
          interst. charge =       0.521497
          mt charge=             11.378503

          total charge  =   26.000000

          integral of pseudo charge density inside the slab=        0.000000   0.000000

          density-coulomb potential integrals


          interstitial :                       0.4423593926

          muffin tin spheres :             -1952.5732073155

          total density-coulomb potenti    -1952.1308479229

     interstitial potential average (vbar) =  0.011988  0.011756

          density-effective potential integrals for spin  1


          interstitial :                       0.0048417538

          muffin tin spheres :             -1020.3828746071

          density-effective potential integrals for spin  2


          interstitial :                       0.0049213735

          muffin tin spheres :             -1004.4521958819

          total density-effective poten    -2024.8253073618

          charge density-energy density integrals


          interstitial :                      -0.3337759930

          muffin tin spheres :               -55.6681544832

          total charge density-energy d      -56.0019304762


 k=(   -0.406250    0.468750    0.468750):       185 3-d basis functions
 the  52 SOC eigenvalues are:
        -2.808786   -2.723574   -1.594101   -1.578488   -1.550786
        -1.495537   -1.480101   -1.468052    0.234509    0.234526
         0.289482    0.289493    0.403746    0.415383    0.416674
         0.481495    0.495483    0.496768    0.732735    0.736104
         0.747140    0.763602    0.766358    0.777232    1.033702
         1.033934    1.072633    1.072841    1.185097    1.224972
         1.772427    1.801692    2.057745    2.085351    2.147807
         2.149763    2.176683    2.178649    2.440618    2.440667
         2.463360    2.463420    2.502699    2.525271    2.684900
         2.710716    2.929222    2.971746    2.989758    2.989781
         3.027346    3.027370


 k=(   -0.281250    0.406250    0.343750):       189 3-d basis functions
 the  52 SOC eigenvalues are:
        -2.809457   -2.724281   -1.593013   -1.576957   -1.549424
        -1.494350   -1.478509   -1.466464    0.251426    0.256298
         0.303478    0.312377    0.355607    0.381862    0.414266
         0.426451    0.455720    0.494108    0.590195    0.633398
         0.763460    0.802159    0.826303    0.861242    1.066075
         1.100137    1.140548    1.170789    1.366339    1.402211
         1.702112    1.731410    1.872848    1.900173    1.976481
         2.002826    2.216114    2.244374    2.356442    2.382873
         2.433321    2.465116    2.611228    2.639937    2.675290
         2.693230    2.755631    2.783110    2.828912    2.847936
         2.890274    2.921894


 k=(   -0.156250    0.343750    0.281250):       184 3-d basis functions
 the  52 SOC eigenvalues are:
        -2.810220   -2.725086   -1.591891   -1.575304   -1.547656
        -1.493167   -1.476902   -1.464228    0.256816    0.279217
         0.302945    0.317210    0.335947    0.368252    0.383854
         0.406527    0.441924    0.484237    0.513772    0.569574
         0.779797    0.822400    0.853237    0.890910    1.162242
         1.189917    1.244503    1.270967    1.464740    1.492754
         1.650974    1.685695    1.792580    1.819065    1.921674
         1.949983    2.245742    2.270842    2.284858    2.312166
         2.348099    2.375536    2.463554    2.488794    2.606544
         2.633748    2.694882    2.718308    2.790708    2.816483
         2.896325    2.925648


 k=(   -0.031250    0.031250    0.468750):       182 3-d basis functions
 the  52 SOC eigenvalues are:
        -2.810802   -2.725699   -1.592097   -1.573144   -1.546274
        -1.493943   -1.473928   -1.462451    0.219888    0.268463
         0.282849    0.349347    0.373386    0.381707    0.412400
         0.413714    0.427656    0.457723    0.476289    0.509343
         0.682386    0.737034    1.047632    1.065390    1.119094
         1.152484    1.354496    1.386363    1.468439    1.499960
         1.604917    1.625891    1.827889    1.855060    1.957649
         1.977671    2.166104    2.192850    2.265358    2.302547
         2.369555    2.400138    2.442542    2.470342    2.563482
         2.586892    2.631155    2.661898    2.810948    2.828420
         2.847653    2.870893


 k=(    0.031250    0.218750    0.218750):       181 3-d basis functions
 the  52 SOC eigenvalues are:
        -2.811097   -2.726012   -1.590450   -1.573465   -1.545660
        -1.491734   -1.474795   -1.462014    0.240024    0.277000
         0.285556    0.298581    0.346168    0.358787    0.377828
         0.392943    0.454186    0.464321    0.471260    0.533907
         0.850201    0.872946    0.890019    0.909400    1.085923
         1.116875    1.404062    1.423562    1.575413    1.598723
         1.719946    1.745667    1.828573    1.856245    1.898832
         1.931420    1.963822    1.986264    2.282213    2.302891
         2.362999    2.395702    2.402520    2.426557    2.535243
         2.570633    2.701649    2.729251    2.780400    2.816249
         2.868030    2.896235


 k=(    0.093750    0.343750    0.031250):       181 3-d basis functions
 the  52 SOC eigenvalues are:
        -2.811003   -2.725912   -1.590577   -1.574435   -1.545107
        -1.491761   -1.476380   -1.461018    0.225547    0.269404
         0.283918    0.336610    0.349813    0.380474    0.381349
         0.392304    0.451150    0.458018    0.470260    0.522084
         0.744057    0.791384    1.003996    1.030350    1.090091
         1.122122    1.381626    1.406941    1.550314    1.580190
         1.628430    1.650652    1.766848    1.789337    1.994980
         2.024790    2.134527    2.161437    2.209056    2.232633
         2.330324    2.362546    2.413699    2.443378    2.570871
         2.595582    2.640692    2.672436    2.735239    2.760496
         3.005426    3.036143


 k=(    0.156250    0.406250   -0.093750):       179 3-d basis functions
 the  52 SOC eigenvalues are:
        -2.810605   -2.725492   -1.591148   -1.575461   -1.545879
        -1.492396   -1.477477   -1.461937    0.234550    0.282468
         0.296160    0.319628    0.361677    0.369662    0.371533
         0.416601    0.445071    0.472515    0.494521    0.531664
         0.713529    0.763149    0.982616    1.014045    1.104790
         1.131316    1.395242    1.423499    1.466472    1.490872
         1.576579    1.604961    1.761412    1.795381    2.050678
         2.073579    2.129065    2.153970    2.259075    2.289910
         2.335276    2.363868    2.430952    2.454850    2.598475
         2.624295    2.720300    2.745470    2.771124    2.802221
         2.846476    2.874520


 k=(    0.218750    0.406250   -0.156250):       181 3-d basis functions
 the  52 SOC eigenvalues are:
        -2.810268   -2.725136   -1.591454   -1.576232   -1.546783
        -1.492724   -1.478178   -1.463172    0.247444    0.292826
         0.296782    0.313513    0.345552    0.363785    0.381156
         0.417125    0.436574    0.496550    0.509476    0.562482
         0.724588    0.771612    0.931136    0.966104    1.092529
         1.120234    1.326482    1.351200    1.481754    1.510560
         1.620854    1.652254    1.704502    1.735763    2.032347
         2.060940    2.206964    2.229061    2.278117    2.306989
         2.369809    2.396938    2.433897    2.458336    2.614950
         2.642884    2.700562    2.727628    2.788875    2.814156
         2.870392    2.898747


 k=(    0.281250    0.343750   -0.156250):       184 3-d basis functions
 the  52 SOC eigenvalues are:
        -2.810220   -2.725086   -1.591317   -1.576466   -1.546938
        -1.492568   -1.478387   -1.463473    0.256822    0.279201
         0.302936    0.317241    0.335935    0.368288    0.383810
         0.406532    0.441925    0.484215    0.513804    0.569564
         0.779786    0.822436    0.853202    0.890919    1.162239
         1.189923    1.244496    1.270970    1.464740    1.492754
         1.650975    1.685694    1.792581    1.819064    1.921674
         1.949983    2.245740    2.270848    2.284852    2.312168
         2.348097    2.375537    2.463554    2.488794    2.606544
         2.633748    2.694882    2.718308    2.790708    2.816483
         2.896325    2.925648


 k=(    0.343750    0.218750   -0.093750):       182 3-d basis functions
 the  52 SOC eigenvalues are:
        -2.810581   -2.725467   -1.590873   -1.575676   -1.546032
        -1.492082   -1.477648   -1.462295    0.245103    0.290255
         0.291650    0.310446    0.348868    0.368542    0.372799
         0.405153    0.443219    0.481964    0.485309    0.546087
         0.761461    0.806292    0.902311    0.937918    1.165072
         1.191150    1.321734    1.348174    1.452327    1.478333
         1.691884    1.719063    1.752719    1.786849    1.957704
         1.985221    2.150246    2.172913    2.273984    2.302938
         2.366914    2.389298    2.399594    2.429477    2.563067
         2.588236    2.743796    2.758793    2.770171    2.785774
         2.858277    2.892675


 k=(   -0.031250    0.468750   -0.031250):       183 3-d basis functions
 the  52 SOC eigenvalues are:
        -2.810906   -2.725809   -1.591036   -1.574541   -1.545169
        -1.492270   -1.476586   -1.460883    0.220109    0.266837
         0.282600    0.349012    0.369371    0.382938    0.390636
         0.403461    0.437621    0.459069    0.469203    0.512766
         0.705900    0.757564    1.040707    1.060175    1.115828
         1.149568    1.355649    1.385354    1.485810    1.517101
         1.632845    1.654396    1.775195    1.797972    2.003607
         2.028936    2.159213    2.184986    2.234887    2.268142
         2.363718    2.385750    2.397208    2.411771    2.628780
         2.637462    2.662142    2.662333    2.686815    2.706343
         2.970187    2.998491


 k=(   -0.406250    0.406250    0.406250):       188 3-d basis functions
 the  52 SOC eigenvalues are:
        -2.809041   -2.723843   -1.593716   -1.577752   -1.550406
        -1.495098   -1.479260   -1.467663    0.240386    0.242672
         0.293483    0.298943    0.396230    0.396311    0.410237
         0.472279    0.472387    0.490193    0.627293    0.663701
         0.798518    0.798528    0.830306    0.830311    1.015575
         1.055910    1.061944    1.096936    1.268119    1.305638
         1.772867    1.802670    2.010445    2.010449    2.036517
         2.036521    2.112903    2.141836    2.477020    2.477020
         2.507131    2.507131    2.514411    2.534647    2.772552
         2.798935    2.817730    2.844170    2.937696    2.937696
         2.958437    2.958437


 k=(   -0.218750    0.218750    0.406250):       184 3-d basis functions
 the  52 SOC eigenvalues are:
        -2.810190   -2.725055   -1.592112   -1.574840   -1.548047
        -1.493522   -1.475958   -1.464916    0.249339    0.282965
         0.295448    0.327703    0.338546    0.359043    0.397391
         0.413046    0.430685    0.492640    0.497259    0.550835
         0.773541    0.816812    0.952848    0.988207    1.051081
         1.080807    1.250001    1.276676    1.558042    1.589365
         1.603282    1.632072    1.700128    1.729458    1.977450
         2.006125    2.176430    2.201399    2.325324    2.333029
         2.356550    2.357827    2.532905    2.555866    2.615961
         2.636319    2.641722    2.662987    2.913204    2.946632
         2.969909    2.992053


 k=(    0.031250    0.093750    0.406250):       183 3-d basis functions
 the  52 SOC eigenvalues are:
        -2.810784   -2.725680   -1.591887   -1.573410   -1.546387
        -1.493650   -1.474287   -1.462676    0.228172    0.277488
         0.281246    0.346776    0.355025    0.382507    0.394722
         0.396659    0.459389    0.471960    0.476145    0.539878
         0.684028    0.737510    0.990314    1.016430    1.071711
         1.102845    1.386620    1.413338    1.556794    1.587050
         1.617722    1.638887    1.851369    1.873284    1.948092
         1.974847    2.198542    2.225192    2.241070    2.272591
         2.282524    2.313014    2.476119    2.506837    2.520622
         2.540248    2.628382    2.659217    2.699177    2.727316
         2.942372    2.969311


 k=(   -0.031250    0.281250    0.156250):       179 3-d basis functions
 the  52 SOC eigenvalues are:
        -2.811247   -2.726173   -1.589995   -1.573278   -1.545166
        -1.491108   -1.474813   -1.461363    0.220599    0.254675
         0.293160    0.310521    0.357044    0.368201    0.371677
         0.395057    0.429188    0.445868    0.472963    0.501637
         0.841258    0.882344    0.980913    1.013009    1.171293
         1.199797    1.338383    1.363547    1.504054    1.528806
         1.605025    1.632700    1.823230    1.848862    1.910601
         1.941643    2.026590    2.050205    2.226873    2.257106
         2.338706    2.366436    2.389327    2.414227    2.575575
         2.604878    2.721798    2.747054    2.828232    2.856709
         2.922047    2.960417


 k=(    0.218750   -0.093750    0.406250):       183 3-d basis functions
 the  52 SOC eigenvalues are:
        -2.810377   -2.725250   -1.592168   -1.574500   -1.547391
        -1.493739   -1.475686   -1.463874    0.247220    0.296120
         0.298609    0.307404    0.354486    0.364877    0.372021
         0.411737    0.446005    0.489600    0.528107    0.581131
         0.691238    0.741673    0.887763    0.923047    1.148981
         1.174716    1.363866    1.392077    1.426828    1.450037
         1.683955    1.713537    1.739411    1.773758    2.060159
         2.085867    2.156575    2.180415    2.271670    2.297032
         2.335529    2.364684    2.484846    2.509087    2.573416
         2.600870    2.638864    2.666792    2.738842    2.767086
         2.882305    2.910848


 k=(    0.156250   -0.093750    0.343750):       182 3-d basis functions
 the  52 SOC eigenvalues are:
        -2.810927   -2.725834   -1.591038   -1.573170   -1.546299
        -1.492487   -1.474095   -1.462827    0.228417    0.267691
         0.298678    0.312927    0.360674    0.367550    0.372354
         0.404653    0.436820    0.442036    0.482281    0.505191
         0.795192    0.839038    1.004313    1.035746    1.129369
         1.156942    1.361086    1.387847    1.464598    1.491495
         1.579735    1.607005    1.790173    1.820989    1.976410
         2.004693    2.081750    2.105399    2.224972    2.252678
         2.314680    2.344880    2.406316    2.429228    2.618720
         2.645316    2.728396    2.757161    2.825176    2.849260
         2.917471    2.953650


 k=(    0.218750   -0.093750    0.281250):       180 3-d basis functions
 the  52 SOC eigenvalues are:
        -2.810955   -2.725864   -1.590673   -1.573358   -1.546243
        -1.491947   -1.474487   -1.462801    0.232972    0.268238
         0.292156    0.313359    0.352668    0.362202    0.378391
         0.397260    0.436072    0.442520    0.475041    0.510972
         0.856217    0.896428    0.929465    0.965085    1.196761
         1.223434    1.278500    1.304762    1.463560    1.490605
         1.674992    1.700644    1.802237    1.834368    1.877230
         1.907077    2.082109    2.103576    2.186675    2.214722
         2.361567    2.391861    2.448322    2.472655    2.525068
         2.551898    2.737289    2.761217    2.881563    2.908778
         2.964999    3.003658


 k=(   -0.281250    0.406250    0.156250):       181 3-d basis functions
 the  52 SOC eigenvalues are:
        -2.810571   -2.725458   -1.591217   -1.574263   -1.547132
        -1.492447   -1.475558   -1.463832    0.245241    0.283221
         0.285271    0.323026    0.345422    0.359186    0.390414
         0.398609    0.432012    0.462852    0.476227    0.525808
         0.872155    0.886586    0.912841    0.923323    1.176085
         1.199043    1.204883    1.226003    1.507690    1.535200
         1.704060    1.737307    1.742654    1.766821    1.858682
         1.889194    2.159419    2.186471    2.197811    2.220302
         2.373483    2.406234    2.504294    2.525829    2.531134
         2.547675    2.757791    2.780759    2.884538    2.909832
         2.954252    2.982014


 k=(   -0.343750    0.406250    0.281250):       187 3-d basis functions
 the  52 SOC eigenvalues are:
        -2.809722   -2.724562   -1.592585   -1.576125   -1.549077
        -1.493871   -1.477482   -1.466176    0.251144    0.263699
         0.298509    0.321943    0.356359    0.371962    0.404031
         0.427548    0.444811    0.482907    0.528697    0.577010
         0.849129    0.855246    0.886982    0.891269    1.060891
         1.095703    1.104432    1.134403    1.454824    1.489107
         1.714209    1.743241    1.863542    1.867039    1.888207
         1.895094    2.124053    2.151789    2.407198    2.408908
         2.438867    2.439949    2.605987    2.615237    2.627147
         2.639142    2.799414    2.819110    2.825430    2.846328
         2.976514    3.008643


 k=(    0.406250    0.406250   -0.406250):       188 3-d basis functions
 the  52 SOC eigenvalues are:
        -2.809041   -2.723843   -1.593373   -1.578449   -1.549971
        -1.494791   -1.480127   -1.467185    0.240391    0.242666
         0.293475    0.298953    0.395056    0.397622    0.410105
         0.471032    0.473688    0.490131    0.627305    0.663687
         0.795719    0.801940    0.826938    0.833069    1.015574
         1.055910    1.061944    1.096935    1.268119    1.305638
         1.772867    1.802670    2.009007    2.012070    2.034899
         2.037954    2.112907    2.141834    2.476619    2.477432
         2.506697    2.507553    2.514411    2.534647    2.772553
         2.798934    2.817730    2.844170    2.937608    2.937784
         2.958356    2.958517


 k=(   -0.281250    0.343750    0.281250):       184 3-d basis functions
 the  52 SOC eigenvalues are:
        -2.810115   -2.724977   -1.591826   -1.575209   -1.548308
        -1.493023   -1.476480   -1.465368    0.247824    0.275714
         0.289514    0.335542    0.352521    0.358623    0.393726
         0.423797    0.429927    0.471854    0.481393    0.536867
         0.891318    0.925996    0.931328    0.964512    1.048996
         1.082864    1.106405    1.135608    1.559334    1.592538
         1.714673    1.742656    1.760375    1.785262    1.839236
         1.867283    2.066897    2.094655    2.362584    2.383713
         2.389773    2.417425    2.478033    2.501135    2.678804
         2.700661    2.798752    2.819747    2.951268    2.970745
         3.001231    3.026123


 k=(   -0.156250    0.281250    0.218750):       183 3-d basis functions
 the  52 SOC eigenvalues are:
        -2.811026   -2.725940   -1.590180   -1.573320   -1.546179
        -1.491246   -1.474547   -1.462866    0.225236    0.256775
         0.298130    0.323105    0.351713    0.360195    0.388625
         0.392128    0.423246    0.428060    0.466346    0.497067
         0.915025    0.953359    0.988471    1.023523    1.138454
         1.167259    1.224857    1.252270    1.524300    1.551184
         1.639623    1.664569    1.788932    1.821118    1.858598
         1.889362    2.066856    2.093799    2.134830    2.155148
         2.306290    2.338351    2.397844    2.425606    2.654107
         2.677663    2.819228    2.842988    2.935395    2.959620
         3.069213    3.100779


 k=(   -0.031250    0.093750    0.281250):       182 3-d basis functions
 the  52 SOC eigenvalues are:
        -2.811656   -2.726607   -1.589366   -1.571697   -1.544695
        -1.490604   -1.472484   -1.461187    0.197019    0.226179
         0.296622    0.315395    0.363865    0.371286    0.373633
         0.391587    0.399656    0.446445    0.469531    0.475501
         0.883092    0.922753    1.077932    1.102759    1.190793
         1.223019    1.349886    1.376659    1.480281    1.508512
         1.527399    1.552187    1.770771    1.793543    1.949723
         1.980476    2.048009    2.071794    2.162474    2.195868
         2.232538    2.262905    2.388371    2.410269    2.629705
         2.662898    2.798442    2.823103    2.884422    2.909578
         2.938848    2.976100


 k=(    0.031250    0.281250    0.031250):       181 3-d basis functions
 the  52 SOC eigenvalues are:
        -2.811745   -2.726700   -1.588669   -1.572723   -1.543717
        -1.489640   -1.474298   -1.459829    0.192652    0.221665
         0.293409    0.318192    0.361132    0.374518    0.376995
         0.387727    0.397601    0.453359    0.465242    0.474531
         0.878990    0.918854    1.096157    1.116902    1.198030
         1.234432    1.339566    1.364299    1.472219    1.503769
         1.589348    1.611212    1.689269    1.711795    1.972543
         2.002930    2.052299    2.076457    2.199173    2.220365
         2.234595    2.250229    2.386243    2.406423    2.607623
         2.644012    2.812448    2.836107    2.861716    2.886162
         2.970170    3.006218


 k=(   -0.343750    0.593750    0.156250):       189 3-d basis functions
 the  52 SOC eigenvalues are:
        -2.809901   -2.724748   -1.592301   -1.576432   -1.548090
        -1.493608   -1.478292   -1.464644    0.267897    0.275397
         0.304638    0.322461    0.328693    0.369041    0.387408
         0.403099    0.462810    0.480364    0.630243    0.676303
         0.687064    0.733123    0.761613    0.801675    1.216508
         1.243188    1.275786    1.300510    1.339920    1.370841
         1.626896    1.662561    1.904790    1.934016    2.031879
         2.057587    2.126514    2.149941    2.404848    2.425121
         2.438212    2.454111    2.496795    2.521545    2.569400
         2.590976    2.596697    2.622491    2.718133    2.742047
         2.946296    2.973954


 k=(   -0.343750    0.343750    0.218750):       184 3-d basis functions
 the  52 SOC eigenvalues are:
        -2.810573   -2.725460   -1.591161   -1.574052   -1.547330
        -1.492394   -1.475112   -1.464259    0.240379    0.277253
         0.289012    0.331012    0.349195    0.353854    0.395550
         0.401017    0.425210    0.451556    0.473689    0.514299
         0.871923    0.911530    0.988385    1.024764    1.064724
         1.094083    1.196363    1.224277    1.612127    1.635609
         1.640034    1.662645    1.699894    1.731425    1.883189
         1.912619    2.081373    2.108058    2.247979    2.269268
         2.326101    2.359345    2.461829    2.488836    2.692053
         2.696401    2.715094    2.719606    2.983565    3.010279
         3.064031    3.084506


 k=(   -0.281250    0.343750    0.218750):       184 3-d basis functions
 the  52 SOC eigenvalues are:
        -2.810574   -2.725462   -1.591008   -1.574158   -1.547337
        -1.492151   -1.475311   -1.464292    0.239578    0.275206
         0.288338    0.338236    0.349579    0.351708    0.388527
         0.408298    0.422826    0.449371    0.466014    0.512729
         0.933508    0.942172    0.972187    0.978554    1.097781
         1.129441    1.135819    1.163266    1.615009    1.641823
         1.683291    1.712760    1.716194    1.737186    1.826533
         1.857204    2.058735    2.086161    2.252649    2.274435
         2.348097    2.381293    2.412874    2.439814    2.690101
         2.712243    2.861586    2.882692    2.883880    2.905107
         3.061988    3.091599


 k=(   -0.093750    0.406250    0.281250):       189 3-d basis functions
 the  52 SOC eigenvalues are:
        -2.810228   -2.725093   -1.591815   -1.575887   -1.547222
        -1.493074   -1.477862   -1.463521    0.261890    0.293069
         0.293992    0.315682    0.344940    0.357324    0.378830
         0.403866    0.454047    0.481349    0.584259    0.633758
         0.682428    0.731830    0.801539    0.840177    1.201688
         1.228320    1.336223    1.364085    1.376047    1.398227
         1.705815    1.742699    1.827872    1.855487    2.048747
         2.077007    2.113863    2.135448    2.337387    2.350372
         2.357689    2.382681    2.486245    2.507931    2.523891
         2.557077    2.603166    2.629763    2.767089    2.796759
         2.926045    2.954269


 k=(    0.093750    0.218750    0.281250):       182 3-d basis functions
 the  52 SOC eigenvalues are:
        -2.810735   -2.725625   -1.591074   -1.574405   -1.546677
        -1.492448   -1.475737   -1.463302    0.261464    0.280510
         0.302208    0.314437    0.339797    0.353672    0.387133
         0.392484    0.465038    0.470983    0.556609    0.613923
         0.733548    0.778158    0.809671    0.847681    0.961098
         0.994134    1.517616    1.536001    1.633477    1.653996
         1.791432    1.816351    1.849137    1.871468    2.050530
         2.058448    2.080498    2.086215    2.100460    2.121147
         2.263495    2.292141    2.424454    2.452087    2.565131
         2.605575    2.678396    2.711096    2.758862    2.787238
         2.927591    2.956842


 k=(    0.156250    0.093750    0.281250):       179 3-d basis functions
 the  52 SOC eigenvalues are:
        -2.810908   -2.725810   -1.590993   -1.573732   -1.546233
        -1.492457   -1.474854   -1.462757    0.248885    0.280269
         0.294898    0.307578    0.343282    0.358022    0.384918
         0.391500    0.462477    0.469909    0.501934    0.566408
         0.759922    0.803880    0.899861    0.934006    0.981743
         1.014664    1.475048    1.493594    1.658817    1.680975
         1.709024    1.736310    1.797011    1.817600    1.988257
         2.022324    2.064644    2.089767    2.159807    2.181863
         2.320690    2.344378    2.417266    2.448045    2.532444
         2.571098    2.679437    2.710348    2.843656    2.871110
         2.895686    2.926444


 k=(   -0.031250    0.281250    0.031250):       184 3-d basis functions
 the  52 SOC eigenvalues are:
        -2.812037   -2.727011   -1.587948   -1.571881   -1.543308
        -1.488809   -1.473259   -1.459541    0.175720    0.201737
         0.298773    0.317482    0.366992    0.373364    0.377566
         0.382166    0.388949    0.448825    0.458420    0.466248
         0.931637    0.969193    1.132720    1.151939    1.242064
         1.277741    1.342188    1.369636    1.435248    1.466261
         1.520891    1.542735    1.721571    1.743579    1.970104
         2.000650    2.061658    2.081340    2.109996    2.130478
         2.145805    2.164827    2.423719    2.445950    2.608047
         2.641787    2.851017    2.880991    2.917814    2.947214
         3.014735    3.047753


 k=(    0.093750   -0.031250    0.218750):       183 3-d basis functions
 the  52 SOC eigenvalues are:
        -2.812234   -2.727221   -1.587733   -1.570656   -1.543458
        -1.488663   -1.471398   -1.460041    0.164737    0.189084
         0.304510    0.313862    0.366553    0.373314    0.375031
         0.379667    0.391299    0.441866    0.450904    0.468653
         0.990813    1.025521    1.120167    1.145081    1.247671
         1.278631    1.340770    1.367226    1.461134    1.485312
         1.498235    1.527700    1.778013    1.798591    1.885063
         1.917053    1.982221    2.006631    2.081200    2.115251
         2.174483    2.205406    2.389050    2.417142    2.647751
         2.675311    2.838604    2.870321    2.914412    2.949161
         3.015581    3.045647


 k=(    0.156250    0.156250   -0.031250):       182 3-d basis functions
 the  52 SOC eigenvalues are:
        -2.812304   -2.727295   -1.586814   -1.571942   -1.542461
        -1.487623   -1.473207   -1.458920    0.160946    0.184757
         0.309407    0.309642    0.364018    0.373333    0.376607
         0.378696    0.392582    0.438421    0.448982    0.469789
         1.041044    1.072056    1.076069    1.106321    1.282084
         1.303103    1.314662    1.324120    1.448156    1.472126
         1.550463    1.580491    1.820215    1.821980    1.838133
         1.854472    1.928172    1.956413    2.078826    2.112139
         2.221841    2.251378    2.341779    2.372548    2.674833
         2.700087    2.870887    2.871708    2.898156    2.910906
         3.039429    3.075854


 k=(    0.218750    0.281250   -0.218750):       182 3-d basis functions
 the  52 SOC eigenvalues are:
        -2.811067   -2.725984   -1.588850   -1.575311   -1.544945
        -1.489938   -1.476879   -1.461770    0.220868    0.250615
         0.302869    0.334245    0.343601    0.366481    0.375785
         0.404385    0.414026    0.424508    0.452321    0.494571
         0.980503    1.017132    1.035943    1.072835    1.081880
         1.111188    1.153248    1.181161    1.611213    1.625135
         1.636396    1.649353    1.786944    1.813051    1.819327
         1.845073    2.009656    2.037259    2.172088    2.189171
         2.282816    2.315741    2.322400    2.352505    2.827850
         2.834140    2.850951    2.856427    3.024797    3.047785
         3.049996    3.072667


 k=(    0.031250    0.281250    0.218750):       179 3-d basis functions
 the  52 SOC eigenvalues are:
        -2.810795   -2.725691   -1.590990   -1.574379   -1.546228
        -1.492263   -1.476007   -1.462521    0.252077    0.282766
         0.299459    0.305081    0.342563    0.359103    0.381275
         0.394100    0.458146    0.472169    0.509509    0.572293
         0.764903    0.808353    0.839168    0.876391    1.063752
         1.094534    1.423888    1.444368    1.564765    1.586625
         1.761053    1.786800    1.862616    1.886970    1.931085
         1.966391    2.071760    2.094759    2.194689    2.217002
         2.352461    2.369644    2.377189    2.398138    2.567430
         2.603572    2.691380    2.726272    2.799966    2.824741
         2.826481    2.854619


 k=(    0.218750    0.093750    0.218750):       183 3-d basis functions
 the  52 SOC eigenvalues are:
        -2.810928   -2.725830   -1.590711   -1.574029   -1.546091
        -1.492021   -1.475414   -1.462570    0.257441    0.281702
         0.292967    0.301220    0.341229    0.349710    0.384948
         0.391619    0.462555    0.470012    0.505365    0.570321
         0.812234    0.836928    0.852943    0.874199    0.977930
         1.010916    1.490682    1.507875    1.653027    1.674624
         1.752157    1.776094    1.814126    1.840198    1.974998
         1.997965    2.008172    2.022285    2.175231    2.197021
         2.285431    2.309867    2.451408    2.483586    2.579403
         2.619796    2.747918    2.777989    2.780128    2.809473
         2.820267    2.846157


 k=(    0.031250   -0.031250    0.218750):       184 3-d basis functions
 the  52 SOC eigenvalues are:
        -2.812638   -2.727650   -1.586711   -1.569848   -1.542553
        -1.487494   -1.470498   -1.459158    0.141148    0.164339
         0.307067    0.318274    0.361396    0.370356    0.377492
         0.385479    0.387085    0.436837    0.446285    0.464228
         1.041495    1.073761    1.182255    1.201460    1.284542
         1.311564    1.364478    1.398431    1.437824    1.465653
         1.469728    1.487542    1.720974    1.740983    1.916765
         1.949384    1.984125    2.009852    2.016381    2.047301
         2.067109    2.101224    2.439807    2.470997    2.600816
         2.627893    2.791375    2.826515    2.923414    2.965693
         3.107871    3.143896


 k=(   -0.218750    0.531250    0.156250):       183 3-d basis functions
 the  52 SOC eigenvalues are:
        -2.810160   -2.725022   -1.591925   -1.576070   -1.547214
        -1.493211   -1.478011   -1.463541    0.247643    0.295611
         0.300038    0.311089    0.346715    0.364330    0.378916
         0.422058    0.437037    0.502242    0.540496    0.587759
         0.680458    0.731665    0.922902    0.957605    1.086461
         1.114040    1.360310    1.382846    1.453648    1.484351
         1.606092    1.638547    1.706164    1.737326    2.104318
         2.135171    2.200717    2.222755    2.292324    2.312455
         2.329182    2.359490    2.499774    2.529893    2.588322
         2.616661    2.715927    2.717000    2.740218    2.742195
         2.901898    2.929886


 k=(    0.031250    0.406250    0.156250):       180 3-d basis functions
 the  52 SOC eigenvalues are:
        -2.810690   -2.725579   -1.591220   -1.575012   -1.546019
        -1.492440   -1.477027   -1.462029    0.240145    0.281294
         0.291361    0.333232    0.345571    0.379551    0.383063
         0.396186    0.459990    0.473923    0.520438    0.577021
         0.677013    0.730101    0.908436    0.941169    1.056238
         1.085995    1.413838    1.437805    1.587747    1.608167
         1.658267    1.686929    1.920647    1.923943    1.936959
         1.958088    2.156351    2.186699    2.253767    2.275184
         2.285487    2.299127    2.383665    2.403176    2.551044
         2.586127    2.629573    2.660440    2.733627    2.762567
         2.983126    3.010755


 k=(    0.218750    0.156250    0.156250):       182 3-d basis functions
 the  52 SOC eigenvalues are:
        -2.810975   -2.725880   -1.590461   -1.574197   -1.545876
        -1.491685   -1.475720   -1.462338    0.261635    0.279924
         0.287396    0.302297    0.342104    0.344267    0.387371
         0.389912    0.465393    0.468262    0.504088    0.569766
         0.818637    0.858272    0.882144    0.911984    0.918108
         0.947326    1.522278    1.537524    1.714261    1.738001
         1.741906    1.763060    1.770701    1.796754    1.967981
         1.983359    1.999157    2.009670    2.185220    2.208225
         2.250921    2.274812    2.519205    2.560015    2.561509
         2.592809    2.733707    2.766643    2.797540    2.825929
         2.876044    2.901544


 k=(    0.031250   -0.031250    0.156250):       185 3-d basis functions
 the  52 SOC eigenvalues are:
        -2.813187   -2.728233   -1.585230   -1.568869   -1.541232
        -1.485786   -1.469460   -1.457846    0.109892    0.132226
         0.314949    0.321877    0.344164    0.372546    0.384729
         0.387206    0.392409    0.418256    0.448014    0.462704
         1.146222    1.171785    1.232593    1.250793    1.287870
         1.307550    1.432380    1.435037    1.455904    1.459270
         1.475388    1.494161    1.689220    1.707117    1.875727
         1.877048    1.907288    1.911659    1.972851    1.998995
         2.002313    2.033917    2.355982    2.387227    2.637736
         2.668578    2.764054    2.802230    2.846811    2.888850
         3.212041    3.243453


 k=(    0.343750    0.343750   -0.156250):       187 3-d basis functions
 the  52 SOC eigenvalues are:
        -2.809984   -2.724836   -1.591946   -1.576643   -1.547666
        -1.493222   -1.478590   -1.464202    0.268566    0.271536
         0.309671    0.318870    0.327771    0.374529    0.380967
         0.405131    0.455562    0.482486    0.577323    0.627593
         0.741887    0.776933    0.785710    0.816268    1.214403
         1.235938    1.241334    1.262434    1.393287    1.422150
         1.631846    1.667331    1.902545    1.932532    1.935336
         1.959595    2.225227    2.250066    2.344680    2.372199
         2.379247    2.408653    2.498244    2.524490    2.547968
         2.572582    2.718380    2.733932    2.746027    2.756777
         2.841989    2.867236


 k=(    0.343750    0.156250    0.093750):       180 3-d basis functions
 the  52 SOC eigenvalues are:
        -2.810740   -2.725631   -1.590955   -1.574934   -1.546161
        -1.492140   -1.476830   -1.462398    0.249403    0.278269
         0.300987    0.321829    0.341246    0.369644    0.386516
         0.392238    0.464266    0.470838    0.541496    0.597851
         0.691778    0.741833    0.887193    0.921220    0.968333
         1.000940    1.485506    1.505453    1.651632    1.672696
         1.708073    1.736274    1.843676    1.860439    2.024179
         2.054557    2.109582    2.140254    2.194367    2.218630
         2.273744    2.299261    2.352146    2.377852    2.514394
         2.552935    2.652884    2.683740    2.845175    2.875827
         2.987591    3.017685


 k=(    0.406250    0.218750   -0.093750):       183 3-d basis functions
 the  52 SOC eigenvalues are:
        -2.810377   -2.725250   -1.591541   -1.575803   -1.546607
        -1.492791   -1.477832   -1.462784    0.247222    0.296097
         0.298585    0.307453    0.354454    0.365079    0.371834
         0.411748    0.446006    0.489599    0.528113    0.581128
         0.691237    0.741674    0.887761    0.923048    1.148980
         1.174717    1.363866    1.392074    1.426831    1.450036
         1.683953    1.713545    1.739404    1.773760    2.060159
         2.085867    2.156575    2.180415    2.271670    2.297031
         2.335528    2.364685    2.484846    2.509087    2.573416
         2.600870    2.638865    2.666791    2.738843    2.767085
         2.882306    2.910848


 k=(    0.281250    0.218750    0.031250):       179 3-d basis functions
 the  52 SOC eigenvalues are:
        -2.810795   -2.725691   -1.590693   -1.574982   -1.545868
        -1.491853   -1.476914   -1.462079    0.252079    0.282763
         0.299460    0.305075    0.342541    0.359179    0.381244
         0.394070    0.458194    0.472124    0.509522    0.572290
         0.764903    0.808354    0.839170    0.876391    1.063751
         1.094535    1.423887    1.444368    1.564764    1.586625
         1.761053    1.786799    1.862616    1.886970    1.931085
         1.966390    2.071760    2.094759    2.194689    2.217002
         2.352461    2.369644    2.377189    2.398138    2.567431
         2.603571    2.691383    2.726270    2.799966    2.824768
         2.826453    2.854620
          charge neutrality (T=0)     :   0.000000    (zero if the highest occ. eigenvalue is "entirely" occupied)

     -->  new fermi energy            :  0.4126096968 htr
          valence charge              :  32.000000 e 
          actual charge blw ef-8kt    :  29.644531 e 
          actual charge blw ef+8kt    :  32.000000 e 


          valence density: spin= 1

     l-like charge
     atom     s        p        d        f        total
 --> 1    1.19380  3.19117  4.05661  0.01633    8.46290

     energy parameters for window 1
     atom     s        p        d        f
 -->  1   4.00000  4.00000  3.00000  4.00000 change: FFFF skiplo:   4
 --> lo   3.00000  3.00000
 --> change   F        F


          valence density: spin= 2

     l-like charge
     atom     s        p        d        f        total
 --> 1    1.19461  3.20966  1.88947  0.01137    6.30782

     energy parameters for window 1
     atom     s        p        d        f
 -->  1   4.00000  4.00000  3.00000  4.00000 change: FFFF skiplo:   4
 --> lo   3.00000  3.00000
 --> change   F        F
