 The OpenMP parallelism seems to be weird
 Multiple OMPs on one core: There are 5 on cpu 9
  wann_get_kpts: nkpts=          90
 wann_get_kpts: nkpts=          90
  0.000000000000000E+000  0.000000000000000E+000  0.000000000000000E+000
  0.000000000000000E+000  0.000000000000000E+000  0.166666666666667     
  0.000000000000000E+000  0.000000000000000E+000  0.333333333333333     
  0.000000000000000E+000  0.000000000000000E+000  0.500000000000000     
  0.000000000000000E+000  0.000000000000000E+000  0.666666666666667     
  0.000000000000000E+000  0.000000000000000E+000  0.833333333333333     
  0.000000000000000E+000  0.333333333333333       0.000000000000000E+000
  0.000000000000000E+000  0.333333333333333       0.166666666666667     
  0.000000000000000E+000  0.333333333333333       0.333333333333333     
  0.000000000000000E+000  0.333333333333333       0.500000000000000     
  0.000000000000000E+000  0.333333333333333       0.666666666666667     
  0.000000000000000E+000  0.333333333333333       0.833333333333333     
  0.000000000000000E+000  0.666666666666667       0.000000000000000E+000
  0.000000000000000E+000  0.666666666666667       0.166666666666667     
  0.000000000000000E+000  0.666666666666667       0.333333333333333     
  0.000000000000000E+000  0.666666666666667       0.500000000000000     
  0.000000000000000E+000  0.666666666666667       0.666666666666667     
  0.000000000000000E+000  0.666666666666667       0.833333333333333     
  0.200000000000000       0.000000000000000E+000  0.000000000000000E+000
  0.200000000000000       0.000000000000000E+000  0.166666666666667     
  0.200000000000000       0.000000000000000E+000  0.333333333333333     
  0.200000000000000       0.000000000000000E+000  0.500000000000000     
  0.200000000000000       0.000000000000000E+000  0.666666666666667     
  0.200000000000000       0.000000000000000E+000  0.833333333333333     
  0.200000000000000       0.333333333333333       0.000000000000000E+000
  0.200000000000000       0.333333333333333       0.166666666666667     
  0.200000000000000       0.333333333333333       0.333333333333333     
  0.200000000000000       0.333333333333333       0.500000000000000     
  0.200000000000000       0.333333333333333       0.666666666666667     
  0.200000000000000       0.333333333333333       0.833333333333333     
  0.200000000000000       0.666666666666667       0.000000000000000E+000
  0.200000000000000       0.666666666666667       0.166666666666667     
  0.200000000000000       0.666666666666667       0.333333333333333     
  0.200000000000000       0.666666666666667       0.500000000000000     
  0.200000000000000       0.666666666666667       0.666666666666667     
  0.200000000000000       0.666666666666667       0.833333333333333     
  0.400000000000000       0.000000000000000E+000  0.000000000000000E+000
  0.400000000000000       0.000000000000000E+000  0.166666666666667     
  0.400000000000000       0.000000000000000E+000  0.333333333333333     
  0.400000000000000       0.000000000000000E+000  0.500000000000000     
  0.400000000000000       0.000000000000000E+000  0.666666666666667     
  0.400000000000000       0.000000000000000E+000  0.833333333333333     
  0.400000000000000       0.333333333333333       0.000000000000000E+000
  0.400000000000000       0.333333333333333       0.166666666666667     
  0.400000000000000       0.333333333333333       0.333333333333333     
  0.400000000000000       0.333333333333333       0.500000000000000     
  0.400000000000000       0.333333333333333       0.666666666666667     
  0.400000000000000       0.333333333333333       0.833333333333333     
  0.400000000000000       0.666666666666667       0.000000000000000E+000
  0.400000000000000       0.666666666666667       0.166666666666667     
  0.400000000000000       0.666666666666667       0.333333333333333     
  0.400000000000000       0.666666666666667       0.500000000000000     
  0.400000000000000       0.666666666666667       0.666666666666667     
  0.400000000000000       0.666666666666667       0.833333333333333     
  0.600000000000000       0.000000000000000E+000  0.000000000000000E+000
  0.600000000000000       0.000000000000000E+000  0.166666666666667     
  0.600000000000000       0.000000000000000E+000  0.333333333333333     
  0.600000000000000       0.000000000000000E+000  0.500000000000000     
  0.600000000000000       0.000000000000000E+000  0.666666666666667     
  0.600000000000000       0.000000000000000E+000  0.833333333333333     
  0.600000000000000       0.333333333333333       0.000000000000000E+000
  0.600000000000000       0.333333333333333       0.166666666666667     
  0.600000000000000       0.333333333333333       0.333333333333333     
  0.600000000000000       0.333333333333333       0.500000000000000     
  0.600000000000000       0.333333333333333       0.666666666666667     
  0.600000000000000       0.333333333333333       0.833333333333333     
  0.600000000000000       0.666666666666667       0.000000000000000E+000
  0.600000000000000       0.666666666666667       0.166666666666667     
  0.600000000000000       0.666666666666667       0.333333333333333     
  0.600000000000000       0.666666666666667       0.500000000000000     
  0.600000000000000       0.666666666666667       0.666666666666667     
  0.600000000000000       0.666666666666667       0.833333333333333     
  0.800000000000000       0.000000000000000E+000  0.000000000000000E+000
  0.800000000000000       0.000000000000000E+000  0.166666666666667     
  0.800000000000000       0.000000000000000E+000  0.333333333333333     
  0.800000000000000       0.000000000000000E+000  0.500000000000000     
  0.800000000000000       0.000000000000000E+000  0.666666666666667     
  0.800000000000000       0.000000000000000E+000  0.833333333333333     
  0.800000000000000       0.333333333333333       0.000000000000000E+000
  0.800000000000000       0.333333333333333       0.166666666666667     
  0.800000000000000       0.333333333333333       0.333333333333333     
  0.800000000000000       0.333333333333333       0.500000000000000     
  0.800000000000000       0.333333333333333       0.666666666666667     
  0.800000000000000       0.333333333333333       0.833333333333333     
  0.800000000000000       0.666666666666667       0.000000000000000E+000
  0.800000000000000       0.666666666666667       0.166666666666667     
  0.800000000000000       0.666666666666667       0.333333333333333     
  0.800000000000000       0.666666666666667       0.500000000000000     
  0.800000000000000       0.666666666666667       0.666666666666667     
  0.800000000000000       0.666666666666667       0.833333333333333     
 wann_get_mp: determination of mp-grid parameters:
 mp_1=           5 mp_2=           3 mp_3=           6
 time_lapw_expand=  9.000000005698894E-006
 time_lapw_plot=  0.000000000000000E+000
