         168         200   t  
  1  0  1 -4  1
    0.000000  0.000000  0.000000  0.000000 1.00
  1  1  1 -3  1
    0.000000  0.000000  0.000000  0.000000 1.00
  1  1  2 -3  1
    0.000000  0.000000  0.000000  0.000000 1.00
  1  1  3 -3  1
    0.000000  0.000000  0.000000  0.000000 1.00
  1  2  1 -4  1
    0.000000  0.000000  0.000000  0.000000 1.00
  1  2  2 -4  1
    0.000000  0.000000  0.000000  0.000000 1.00
  1  2  3 -4  1
    0.000000  0.000000  0.000000  0.000000 1.00
  1  2  4 -4  1
    0.000000  0.000000  0.000000  0.000000 1.00
  1  2  5 -4  1
    0.000000  0.000000  0.000000  0.000000 1.00
  2  0  1 -4  1
    0.000000  0.000000  0.000000  0.000000 1.00
  2  1  1 -3  1
    0.000000  0.000000  0.000000  0.000000 1.00
  2  1  2 -3  1
    0.000000  0.000000  0.000000  0.000000 1.00
  2  1  3 -3  1
    0.000000  0.000000  0.000000  0.000000 1.00
  2  2  1 -4  1
    0.000000  0.000000  0.000000  0.000000 1.00
  2  2  2 -4  1
    0.000000  0.000000  0.000000  0.000000 1.00
  2  2  3 -4  1
    0.000000  0.000000  0.000000  0.000000 1.00
  2  2  4 -4  1
    0.000000  0.000000  0.000000  0.000000 1.00
  2  2  5 -4  1
    0.000000  0.000000  0.000000  0.000000 1.00
  3  0  1 -4  1
    0.000000  0.000000  0.000000  0.000000 1.00
  3  1  1 -3  1
    0.000000  0.000000  0.000000  0.000000 1.00
  3  1  2 -3  1
    0.000000  0.000000  0.000000  0.000000 1.00
  3  1  3 -3  1
    0.000000  0.000000  0.000000  0.000000 1.00
  3  2  1 -4  1
    0.000000  0.000000  0.000000  0.000000 1.00
  3  2  2 -4  1
    0.000000  0.000000  0.000000  0.000000 1.00
  3  2  3 -4  1
    0.000000  0.000000  0.000000  0.000000 1.00
  3  2  4 -4  1
    0.000000  0.000000  0.000000  0.000000 1.00
  3  2  5 -4  1
    0.000000  0.000000  0.000000  0.000000 1.00
  4  0  1 -4  1
    0.000000  0.000000  0.000000  0.000000 1.00
  4  1  1 -3  1
    0.000000  0.000000  0.000000  0.000000 1.00
  4  1  2 -3  1
    0.000000  0.000000  0.000000  0.000000 1.00
  4  1  3 -3  1
    0.000000  0.000000  0.000000  0.000000 1.00
  4  2  1 -4  1
    0.000000  0.000000  0.000000  0.000000 1.00
  4  2  2 -4  1
    0.000000  0.000000  0.000000  0.000000 1.00
  4  2  3 -4  1
    0.000000  0.000000  0.000000  0.000000 1.00
  4  2  4 -4  1
    0.000000  0.000000  0.000000  0.000000 1.00
  4  2  5 -4  1
    0.000000  0.000000  0.000000  0.000000 1.00
  9  1  1 -3  1
    0.000000  0.000000  0.000000  0.000000 1.00
  9  1  2 -3  1
    0.000000  0.000000  0.000000  0.000000 1.00
  9  1  3 -3  1
    0.000000  0.000000  0.000000  0.000000 1.00
 10  1  1 -3  1
    0.000000  0.000000  0.000000  0.000000 1.00
 10  1  2 -3  1
    0.000000  0.000000  0.000000  0.000000 1.00
 10  1  3 -3  1
    0.000000  0.000000  0.000000  0.000000 1.00
 11  1  1 -3  1
    0.000000  0.000000  0.000000  0.000000 1.00
 11  1  2 -3  1
    0.000000  0.000000  0.000000  0.000000 1.00
 11  1  3 -3  1
    0.000000  0.000000  0.000000  0.000000 1.00
 12  1  1 -3  1
    0.000000  0.000000  0.000000  0.000000 1.00
 12  1  2 -3  1
    0.000000  0.000000  0.000000  0.000000 1.00
 12  1  3 -3  1
    0.000000  0.000000  0.000000  0.000000 1.00
 13  1  1 -3  1
    0.000000  0.000000  0.000000  0.000000 1.00
 13  1  2 -3  1
    0.000000  0.000000  0.000000  0.000000 1.00
 13  1  3 -3  1
    0.000000  0.000000  0.000000  0.000000 1.00
 14  1  1 -3  1
    0.000000  0.000000  0.000000  0.000000 1.00
 14  1  2 -3  1
    0.000000  0.000000  0.000000  0.000000 1.00
 14  1  3 -3  1
    0.000000  0.000000  0.000000  0.000000 1.00
 15  1  1 -3  1
    0.000000  0.000000  0.000000  0.000000 1.00
 15  1  2 -3  1
    0.000000  0.000000  0.000000  0.000000 1.00
 15  1  3 -3  1
    0.000000  0.000000  0.000000  0.000000 1.00
 16  1  1 -3  1
    0.000000  0.000000  0.000000  0.000000 1.00
 16  1  2 -3  1
    0.000000  0.000000  0.000000  0.000000 1.00
 16  1  3 -3  1
    0.000000  0.000000  0.000000  0.000000 1.00
 17  1  1 -3  1
    0.000000  0.000000  0.000000  0.000000 1.00
 17  1  2 -3  1
    0.000000  0.000000  0.000000  0.000000 1.00
 17  1  3 -3  1
    0.000000  0.000000  0.000000  0.000000 1.00
 18  1  1 -3  1
    0.000000  0.000000  0.000000  0.000000 1.00
 18  1  2 -3  1
    0.000000  0.000000  0.000000  0.000000 1.00
 18  1  3 -3  1
    0.000000  0.000000  0.000000  0.000000 1.00
 19  1  1 -3  1
    0.000000  0.000000  0.000000  0.000000 1.00
 19  1  2 -3  1
    0.000000  0.000000  0.000000  0.000000 1.00
 19  1  3 -3  1
    0.000000  0.000000  0.000000  0.000000 1.00
 20  1  1 -3  1
    0.000000  0.000000  0.000000  0.000000 1.00
 20  1  2 -3  1
    0.000000  0.000000  0.000000  0.000000 1.00
 20  1  3 -3  1
    0.000000  0.000000  0.000000  0.000000 1.00
 21  1  1 -3  1
    0.000000  0.000000  0.000000  0.000000 1.00
 21  1  2 -3  1
    0.000000  0.000000  0.000000  0.000000 1.00
 21  1  3 -3  1
    0.000000  0.000000  0.000000  0.000000 1.00
 22  1  1 -3  1
    0.000000  0.000000  0.000000  0.000000 1.00
 22  1  2 -3  1
    0.000000  0.000000  0.000000  0.000000 1.00
 22  1  3 -3  1
    0.000000  0.000000  0.000000  0.000000 1.00
 23  1  1 -3  1
    0.000000  0.000000  0.000000  0.000000 1.00
 23  1  2 -3  1
    0.000000  0.000000  0.000000  0.000000 1.00
 23  1  3 -3  1
    0.000000  0.000000  0.000000  0.000000 1.00
 24  1  1 -3  1
    0.000000  0.000000  0.000000  0.000000 1.00
 24  1  2 -3  1
    0.000000  0.000000  0.000000  0.000000 1.00
 24  1  3 -3  1
    0.000000  0.000000  0.000000  0.000000 1.00
  1  0  1 -4 -1
    0.000000  0.000000  0.000000  0.000000 1.00
  1  1  1 -3 -1
    0.000000  0.000000  0.000000  0.000000 1.00
  1  1  2 -3 -1
    0.000000  0.000000  0.000000  0.000000 1.00
  1  1  3 -3 -1
    0.000000  0.000000  0.000000  0.000000 1.00
  1  2  1 -4 -1
    0.000000  0.000000  0.000000  0.000000 1.00
  1  2  2 -4 -1
    0.000000  0.000000  0.000000  0.000000 1.00
  1  2  3 -4 -1
    0.000000  0.000000  0.000000  0.000000 1.00
  1  2  4 -4 -1
    0.000000  0.000000  0.000000  0.000000 1.00
  1  2  5 -4 -1
    0.000000  0.000000  0.000000  0.000000 1.00
  2  0  1 -4 -1
    0.000000  0.000000  0.000000  0.000000 1.00
  2  1  1 -3 -1
    0.000000  0.000000  0.000000  0.000000 1.00
  2  1  2 -3 -1
    0.000000  0.000000  0.000000  0.000000 1.00
  2  1  3 -3 -1
    0.000000  0.000000  0.000000  0.000000 1.00
  2  2  1 -4 -1
    0.000000  0.000000  0.000000  0.000000 1.00
  2  2  2 -4 -1
    0.000000  0.000000  0.000000  0.000000 1.00
  2  2  3 -4 -1
    0.000000  0.000000  0.000000  0.000000 1.00
  2  2  4 -4 -1
    0.000000  0.000000  0.000000  0.000000 1.00
  2  2  5 -4 -1
    0.000000  0.000000  0.000000  0.000000 1.00
  3  0  1 -4 -1
    0.000000  0.000000  0.000000  0.000000 1.00
  3  1  1 -3 -1
    0.000000  0.000000  0.000000  0.000000 1.00
  3  1  2 -3 -1
    0.000000  0.000000  0.000000  0.000000 1.00
  3  1  3 -3 -1
    0.000000  0.000000  0.000000  0.000000 1.00
  3  2  1 -4 -1
    0.000000  0.000000  0.000000  0.000000 1.00
  3  2  2 -4 -1
    0.000000  0.000000  0.000000  0.000000 1.00
  3  2  3 -4 -1
    0.000000  0.000000  0.000000  0.000000 1.00
  3  2  4 -4 -1
    0.000000  0.000000  0.000000  0.000000 1.00
  3  2  5 -4 -1
    0.000000  0.000000  0.000000  0.000000 1.00
  4  0  1 -4 -1
    0.000000  0.000000  0.000000  0.000000 1.00
  4  1  1 -3 -1
    0.000000  0.000000  0.000000  0.000000 1.00
  4  1  2 -3 -1
    0.000000  0.000000  0.000000  0.000000 1.00
  4  1  3 -3 -1
    0.000000  0.000000  0.000000  0.000000 1.00
  4  2  1 -4 -1
    0.000000  0.000000  0.000000  0.000000 1.00
  4  2  2 -4 -1
    0.000000  0.000000  0.000000  0.000000 1.00
  4  2  3 -4 -1
    0.000000  0.000000  0.000000  0.000000 1.00
  4  2  4 -4 -1
    0.000000  0.000000  0.000000  0.000000 1.00
  4  2  5 -4 -1
    0.000000  0.000000  0.000000  0.000000 1.00
  9  1  1 -3 -1
    0.000000  0.000000  0.000000  0.000000 1.00
  9  1  2 -3 -1
    0.000000  0.000000  0.000000  0.000000 1.00
  9  1  3 -3 -1
    0.000000  0.000000  0.000000  0.000000 1.00
 10  1  1 -3 -1
    0.000000  0.000000  0.000000  0.000000 1.00
 10  1  2 -3 -1
    0.000000  0.000000  0.000000  0.000000 1.00
 10  1  3 -3 -1
    0.000000  0.000000  0.000000  0.000000 1.00
 11  1  1 -3 -1
    0.000000  0.000000  0.000000  0.000000 1.00
 11  1  2 -3 -1
    0.000000  0.000000  0.000000  0.000000 1.00
 11  1  3 -3 -1
    0.000000  0.000000  0.000000  0.000000 1.00
 12  1  1 -3 -1
    0.000000  0.000000  0.000000  0.000000 1.00
 12  1  2 -3 -1
    0.000000  0.000000  0.000000  0.000000 1.00
 12  1  3 -3 -1
    0.000000  0.000000  0.000000  0.000000 1.00
 13  1  1 -3 -1
    0.000000  0.000000  0.000000  0.000000 1.00
 13  1  2 -3 -1
    0.000000  0.000000  0.000000  0.000000 1.00
 13  1  3 -3 -1
    0.000000  0.000000  0.000000  0.000000 1.00
 14  1  1 -3 -1
    0.000000  0.000000  0.000000  0.000000 1.00
 14  1  2 -3 -1
    0.000000  0.000000  0.000000  0.000000 1.00
 14  1  3 -3 -1
    0.000000  0.000000  0.000000  0.000000 1.00
 15  1  1 -3 -1
    0.000000  0.000000  0.000000  0.000000 1.00
 15  1  2 -3 -1
    0.000000  0.000000  0.000000  0.000000 1.00
 15  1  3 -3 -1
    0.000000  0.000000  0.000000  0.000000 1.00
 16  1  1 -3 -1
    0.000000  0.000000  0.000000  0.000000 1.00
 16  1  2 -3 -1
    0.000000  0.000000  0.000000  0.000000 1.00
 16  1  3 -3 -1
    0.000000  0.000000  0.000000  0.000000 1.00
 17  1  1 -3 -1
    0.000000  0.000000  0.000000  0.000000 1.00
 17  1  2 -3 -1
    0.000000  0.000000  0.000000  0.000000 1.00
 17  1  3 -3 -1
    0.000000  0.000000  0.000000  0.000000 1.00
 18  1  1 -3 -1
    0.000000  0.000000  0.000000  0.000000 1.00
 18  1  2 -3 -1
    0.000000  0.000000  0.000000  0.000000 1.00
 18  1  3 -3 -1
    0.000000  0.000000  0.000000  0.000000 1.00
 19  1  1 -3 -1
    0.000000  0.000000  0.000000  0.000000 1.00
 19  1  2 -3 -1
    0.000000  0.000000  0.000000  0.000000 1.00
 19  1  3 -3 -1
    0.000000  0.000000  0.000000  0.000000 1.00
 20  1  1 -3 -1
    0.000000  0.000000  0.000000  0.000000 1.00
 20  1  2 -3 -1
    0.000000  0.000000  0.000000  0.000000 1.00
 20  1  3 -3 -1
    0.000000  0.000000  0.000000  0.000000 1.00
 21  1  1 -3 -1
    0.000000  0.000000  0.000000  0.000000 1.00
 21  1  2 -3 -1
    0.000000  0.000000  0.000000  0.000000 1.00
 21  1  3 -3 -1
    0.000000  0.000000  0.000000  0.000000 1.00
 22  1  1 -3 -1
    0.000000  0.000000  0.000000  0.000000 1.00
 22  1  2 -3 -1
    0.000000  0.000000  0.000000  0.000000 1.00
 22  1  3 -3 -1
    0.000000  0.000000  0.000000  0.000000 1.00
 23  1  1 -3 -1
    0.000000  0.000000  0.000000  0.000000 1.00
 23  1  2 -3 -1
    0.000000  0.000000  0.000000  0.000000 1.00
 23  1  3 -3 -1
    0.000000  0.000000  0.000000  0.000000 1.00
 24  1  1 -3 -1
    0.000000  0.000000  0.000000  0.000000 1.00
 24  1  2 -3 -1
    0.000000  0.000000  0.000000  0.000000 1.00
 24  1  3 -3 -1
    0.000000  0.000000  0.000000  0.000000 1.00
