          18          81   t  
  1  0  1 -4  1
    0.000000  0.000000  0.000000  0.000000 1.00
  1  1  1 -3  1
    0.000000  0.000000  0.000000  0.000000 1.00
  1  1  2 -3  1
    0.000000  0.000000  0.000000  0.000000 1.00
  1  1  3 -3  1
    0.000000  0.000000  0.000000  0.000000 1.00
  1  2  1 -4  1
    0.000000  0.000000  0.000000  0.000000 1.00
  1  2  2 -4  1
    0.000000  0.000000  0.000000  0.000000 1.00
  1  2  3 -4  1
    0.000000  0.000000  0.000000  0.000000 1.00
  1  2  4 -4  1
    0.000000  0.000000  0.000000  0.000000 1.00
  1  2  5 -4  1
    0.000000  0.000000  0.000000  0.000000 1.00
  1  0  1 -4 -1
    0.000000  0.000000  0.000000  0.000000 1.00
  1  1  1 -3 -1
    0.000000  0.000000  0.000000  0.000000 1.00
  1  1  2 -3 -1
    0.000000  0.000000  0.000000  0.000000 1.00
  1  1  3 -3 -1
    0.000000  0.000000  0.000000  0.000000 1.00
  1  2  1 -4 -1
    0.000000  0.000000  0.000000  0.000000 1.00
  1  2  2 -4 -1
    0.000000  0.000000  0.000000  0.000000 1.00
  1  2  3 -4 -1
    0.000000  0.000000  0.000000  0.000000 1.00
  1  2  4 -4 -1
    0.000000  0.000000  0.000000  0.000000 1.00
  1  2  5 -4 -1
    0.000000  0.000000  0.000000  0.000000 1.00
