  0.000014    0.000000  0.000000  0.000000  0.000000
  0.000015    0.000000  0.000000  0.000000  0.000000
  0.000015    0.000000  0.000000  0.000000  0.000000
  0.000015    0.000000  0.000000  0.000000  0.000000
  0.000015    0.000000  0.000000  0.000000  0.000000
  0.000016    0.000000  0.000000  0.000000  0.000000
  0.000016    0.000000  0.000000  0.000000  0.000000
  0.000016    0.000000  0.000000  0.000000  0.000000
  0.000016    0.000000  0.000000  0.000000  0.000000
  0.000017    0.000000  0.000000  0.000000  0.000000
  0.000017    0.000000  0.000000  0.000000  0.000000
  0.000017    0.000000  0.000000  0.000000  0.000000
  0.000017    0.000000  0.000000  0.000000  0.000000
  0.000018    0.000000  0.000000  0.000000  0.000000
  0.000018    0.000000  0.000000  0.000000  0.000000
  0.000018    0.000000  0.000000  0.000000  0.000000
  0.000019    0.000000  0.000000  0.000000  0.000000
  0.000019    0.000000  0.000000  0.000000  0.000000
  0.000019    0.000000  0.000000  0.000000  0.000000
  0.000019    0.000000  0.000000  0.000000  0.000000
  0.000020    0.000000  0.000000  0.000000  0.000000
  0.000020    0.000000  0.000000  0.000000  0.000000
  0.000020    0.000000  0.000000  0.000000  0.000000
  0.000021    0.000000  0.000000  0.000000  0.000000
  0.000021    0.000000  0.000000  0.000000  0.000000
  0.000021    0.000000  0.000000  0.000000  0.000000
  0.000022    0.000000  0.000000  0.000000  0.000000
  0.000022    0.000000  0.000000  0.000000  0.000000
  0.000022    0.000000  0.000000  0.000000  0.000000
  0.000023    0.000000  0.000000  0.000000  0.000000
  0.000023    0.000000  0.000000  0.000000  0.000000
  0.000024    0.000000  0.000000  0.000000  0.000000
  0.000024    0.000000  0.000000  0.000000  0.000000
  0.000024    0.000000  0.000000  0.000000  0.000000
  0.000025    0.000000  0.000000  0.000000  0.000000
  0.000025    0.000000  0.000000  0.000000  0.000000
  0.000026    0.000000  0.000000  0.000000  0.000000
  0.000026    0.000000  0.000000  0.000000  0.000000
  0.000026    0.000000  0.000000  0.000000  0.000000
  0.000027    0.000000  0.000000  0.000000  0.000000
  0.000027    0.000000  0.000000  0.000000  0.000000
  0.000028    0.000000  0.000000  0.000000  0.000000
  0.000028    0.000000  0.000000  0.000000  0.000000
  0.000029    0.000000  0.000000  0.000000  0.000000
  0.000029    0.000000  0.000000  0.000000  0.000000
  0.000029    0.000000  0.000000  0.000000  0.000000
  0.000030    0.000000  0.000000  0.000000  0.000000
  0.000030    0.000000  0.000000  0.000000  0.000000
  0.000031    0.000000  0.000000  0.000000  0.000000
  0.000031    0.000000  0.000000  0.000000  0.000000
  0.000032    0.000000  0.000000  0.000000  0.000000
  0.000032    0.000000  0.000000  0.000000  0.000000
  0.000033    0.000000  0.000000  0.000000  0.000000
  0.000033    0.000000  0.000000  0.000000  0.000000
  0.000034    0.000000  0.000000  0.000000  0.000000
  0.000035    0.000000  0.000000  0.000000  0.000000
  0.000035    0.000000  0.000000  0.000000  0.000000
  0.000036    0.000000  0.000000  0.000000  0.000000
  0.000036    0.000000  0.000000  0.000000  0.000000
  0.000037    0.000000  0.000000  0.000000  0.000000
  0.000037    0.000000  0.000000  0.000000  0.000000
  0.000038    0.000000  0.000000  0.000000  0.000000
  0.000039    0.000000  0.000000  0.000000  0.000000
  0.000039    0.000000  0.000000  0.000000  0.000000
  0.000040    0.000000  0.000000  0.000000  0.000000
  0.000041    0.000000  0.000000  0.000000  0.000000
  0.000041    0.000000  0.000000  0.000000  0.000000
  0.000042    0.000000  0.000000  0.000000  0.000000
  0.000043    0.000000  0.000000  0.000000  0.000000
  0.000043    0.000000  0.000000  0.000000  0.000000
  0.000044    0.000000  0.000000  0.000000  0.000000
  0.000045    0.000000  0.000000  0.000000  0.000000
  0.000045    0.000000  0.000000  0.000000  0.000000
  0.000046    0.000000  0.000000  0.000000  0.000000
  0.000047    0.000000  0.000000  0.000000  0.000000
  0.000048    0.000000  0.000000  0.000000  0.000000
  0.000048    0.000000  0.000000  0.000000  0.000000
  0.000049    0.000000  0.000000  0.000000  0.000000
  0.000050    0.000000  0.000000  0.000000  0.000000
  0.000051    0.000000  0.000000  0.000000  0.000000
  0.000052    0.000000  0.000000  0.000000  0.000000
  0.000052    0.000000  0.000000  0.000000  0.000000
  0.000053    0.000000  0.000000  0.000000  0.000000
  0.000054    0.000000  0.000000  0.000000  0.000000
  0.000055    0.000000  0.000000  0.000000  0.000000
  0.000056    0.000000  0.000000  0.000000  0.000000
  0.000057    0.000000  0.000000  0.000000  0.000000
  0.000058    0.000000  0.000000  0.000000  0.000000
  0.000059    0.000000  0.000000  0.000000  0.000000
  0.000060    0.000000  0.000000  0.000000  0.000000
  0.000061    0.000000  0.000000  0.000000  0.000000
  0.000061    0.000000  0.000000  0.000000  0.000000
  0.000062    0.000000  0.000000  0.000000  0.000000
  0.000063    0.000000  0.000000  0.000000  0.000000
  0.000065    0.000000  0.000000  0.000000  0.000000
  0.000066    0.000000  0.000000  0.000000  0.000000
  0.000067    0.000000  0.000000  0.000000  0.000000
  0.000068    0.000000  0.000000  0.000000  0.000000
  0.000069    0.000000  0.000000  0.000000  0.000000
  0.000070    0.000000  0.000000  0.000000  0.000000
  0.000071    0.000000  0.000000  0.000000  0.000000
  0.000072    0.000000  0.000000  0.000000  0.000000
  0.000073    0.000000  0.000000  0.000000  0.000000
  0.000075    0.000000  0.000000  0.000000  0.000000
  0.000076    0.000000  0.000000  0.000000  0.000000
  0.000077    0.000000  0.000000  0.000000  0.000000
  0.000078    0.000000  0.000000  0.000000  0.000000
  0.000079    0.000000  0.000000  0.000000  0.000000
  0.000081    0.000000  0.000000  0.000000  0.000000
  0.000082    0.000000  0.000000  0.000000  0.000000
  0.000083    0.000000  0.000000  0.000000  0.000000
  0.000085    0.000000  0.000000  0.000000  0.000000
  0.000086    0.000000  0.000000  0.000000  0.000000
  0.000087    0.000000  0.000000  0.000000  0.000000
  0.000089    0.000000  0.000000  0.000000  0.000000
  0.000090    0.000000  0.000000  0.000000  0.000000
  0.000092    0.000000  0.000000  0.000000  0.000000
  0.000093    0.000000  0.000000  0.000000  0.000000
  0.000095    0.000000  0.000000  0.000000  0.000000
  0.000096    0.000000  0.000000  0.000000  0.000000
  0.000098    0.000000  0.000000  0.000000  0.000000
  0.000099    0.000000  0.000000  0.000000  0.000000
  0.000101    0.000000  0.000000  0.000000  0.000000
  0.000103    0.000000  0.000000  0.000000  0.000000
  0.000104    0.000000  0.000000  0.000000  0.000000
  0.000106    0.000000  0.000000  0.000000  0.000000
  0.000108    0.000000  0.000000  0.000000  0.000000
  0.000109    0.000000  0.000000  0.000000  0.000000
  0.000111    0.000000  0.000000  0.000000  0.000000
  0.000113    0.000000  0.000000  0.000000  0.000000
  0.000115    0.000000  0.000000  0.000000  0.000000
  0.000117    0.000000  0.000000  0.000000  0.000000
  0.000118    0.000000  0.000000  0.000000  0.000000
  0.000120    0.000000  0.000000  0.000000  0.000000
  0.000122    0.000000  0.000000  0.000000  0.000000
  0.000124    0.000000  0.000000  0.000000  0.000000
  0.000126    0.000000  0.000000  0.000000  0.000000
  0.000128    0.000000  0.000000  0.000000  0.000000
  0.000130    0.000000  0.000000  0.000000  0.000000
  0.000133    0.000000  0.000000  0.000000  0.000000
  0.000135    0.000000  0.000000  0.000000  0.000000
  0.000137    0.000000  0.000000  0.000000  0.000000
  0.000139    0.000000  0.000000  0.000000  0.000000
  0.000141    0.000000  0.000000  0.000000  0.000000
  0.000144    0.000000  0.000000  0.000000  0.000000
  0.000146    0.000000  0.000000  0.000000  0.000000
  0.000148    0.000000  0.000000  0.000000  0.000000
  0.000151    0.000000  0.000000  0.000000  0.000000
  0.000153    0.000000  0.000000  0.000000  0.000000
  0.000156    0.000000  0.000000  0.000000  0.000000
  0.000158    0.000000  0.000000  0.000000  0.000000
  0.000161    0.000000  0.000000  0.000000  0.000000
  0.000163    0.000000  0.000000  0.000000  0.000000
  0.000166    0.000000  0.000000  0.000000  0.000000
  0.000168    0.000000  0.000000  0.000000  0.000000
  0.000171    0.000000  0.000000  0.000000  0.000000
  0.000174    0.000000  0.000000  0.000000  0.000000
  0.000177    0.000000  0.000000  0.000000  0.000000
  0.000180    0.000000  0.000000  0.000000  0.000000
  0.000183    0.000000  0.000000  0.000000  0.000000
  0.000185    0.000000  0.000000  0.000000  0.000000
  0.000188    0.000000  0.000000  0.000000  0.000000
  0.000191    0.000000  0.000000  0.000000  0.000000
  0.000195    0.000000  0.000000  0.000000  0.000000
  0.000198    0.000000  0.000000  0.000000  0.000000
  0.000201    0.000000  0.000000  0.000000  0.000000
  0.000204    0.000000  0.000000  0.000000  0.000000
  0.000207    0.000000  0.000000  0.000000  0.000000
  0.000211    0.000000  0.000000  0.000000  0.000000
  0.000214    0.000000  0.000000  0.000000  0.000000
  0.000218    0.000000  0.000000  0.000000  0.000000
  0.000221    0.000000  0.000000  0.000000  0.000000
  0.000225    0.000000  0.000000  0.000000  0.000000
  0.000228    0.000000  0.000000  0.000000  0.000000
  0.000232    0.000000  0.000000  0.000000  0.000000
  0.000236    0.000000  0.000000  0.000000  0.000000
  0.000240    0.000000  0.000000  0.000000  0.000000
  0.000243    0.000000  0.000000  0.000000  0.000000
  0.000247    0.000000  0.000000  0.000000  0.000000
  0.000251    0.000000  0.000000  0.000000  0.000000
  0.000255    0.000000  0.000000  0.000000  0.000000
  0.000260    0.000000  0.000000  0.000000  0.000000
  0.000264    0.000000  0.000000  0.000000  0.000000
  0.000268    0.000000  0.000000  0.000000  0.000000
  0.000272    0.000000  0.000000  0.000000  0.000000
  0.000277    0.000000  0.000000  0.000000  0.000000
  0.000281    0.000000  0.000000  0.000000  0.000000
  0.000286    0.000000  0.000000  0.000000  0.000000
  0.000290    0.000000  0.000000  0.000000  0.000000
  0.000295    0.000000  0.000000  0.000000  0.000000
  0.000300    0.000000  0.000000  0.000000  0.000000
  0.000305    0.000000  0.000000  0.000000  0.000000
  0.000309    0.000000  0.000000  0.000000  0.000000
  0.000314    0.000000  0.000000  0.000000  0.000000
  0.000320    0.000000  0.000000  0.000000  0.000000
  0.000325    0.000000  0.000000  0.000000  0.000000
  0.000330    0.000000  0.000000  0.000000  0.000000
  0.000335    0.000000  0.000000  0.000000  0.000000
  0.000341    0.000000  0.000000  0.000000  0.000000
  0.000346    0.000000  0.000000  0.000000  0.000000
  0.000352    0.000000  0.000000  0.000000  0.000000
  0.000357    0.000000  0.000000  0.000000  0.000000
  0.000363    0.000000  0.000000  0.000000  0.000000
  0.000369    0.000000  0.000000  0.000000  0.000000
  0.000375    0.000000  0.000000  0.000000  0.000000
  0.000381    0.000000  0.000000  0.000000  0.000000
  0.000387    0.000000  0.000000  0.000000  0.000000
  0.000393    0.000000  0.000000  0.000000  0.000000
  0.000400    0.000000  0.000000  0.000000  0.000000
  0.000406    0.000000  0.000000  0.000000  0.000000
  0.000413    0.000000  0.000000  0.000000  0.000000
  0.000419    0.000000  0.000000  0.000000  0.000000
  0.000426    0.000000  0.000000  0.000000  0.000000
  0.000433    0.000000  0.000000  0.000000  0.000000
  0.000440    0.000000  0.000000  0.000000  0.000000
  0.000447    0.000000  0.000000  0.000000  0.000000
  0.000454    0.000000  0.000000  0.000000  0.000000
  0.000462    0.000000  0.000000  0.000000  0.000000
  0.000469    0.000000  0.000000  0.000000  0.000000
  0.000477    0.000000  0.000000  0.000000  0.000000
  0.000484    0.000000  0.000000  0.000000  0.000000
  0.000492    0.000000  0.000000  0.000000  0.000000
  0.000500    0.000000  0.000000  0.000000  0.000000
  0.000508    0.000000  0.000000  0.000000  0.000000
  0.000516    0.000000  0.000000  0.000000  0.000000
  0.000525    0.000000  0.000000  0.000000  0.000000
  0.000533    0.000000  0.000000  0.000000  0.000000
  0.000542    0.000000  0.000000  0.000000  0.000000
  0.000551    0.000000  0.000000  0.000000  0.000000
  0.000559    0.000000  0.000000  0.000000  0.000000
  0.000568    0.000000  0.000000  0.000000  0.000000
  0.000578    0.000000  0.000000  0.000000  0.000000
  0.000587    0.000000  0.000000  0.000000  0.000000
  0.000596    0.000000  0.000000  0.000000  0.000000
  0.000606    0.000000  0.000000  0.000000  0.000000
  0.000616    0.000000  0.000000  0.000000  0.000000
  0.000626    0.000000  0.000000  0.000000  0.000000
  0.000636    0.000000  0.000000  0.000000  0.000000
  0.000646    0.000000  0.000000  0.000000  0.000000
  0.000656    0.000000  0.000000  0.000000  0.000000
  0.000667    0.000000  0.000000  0.000000  0.000000
  0.000678    0.000000  0.000000  0.000000  0.000000
  0.000689    0.000000  0.000000  0.000000  0.000000
  0.000700    0.000000  0.000000  0.000000  0.000000
  0.000711    0.000000  0.000000  0.000000  0.000000
  0.000723    0.000000  0.000000  0.000000  0.000000
  0.000734    0.000000  0.000000  0.000000  0.000000
  0.000746    0.000000  0.000000  0.000000  0.000000
  0.000758    0.000000  0.000000  0.000000  0.000000
  0.000770    0.000000  0.000000  0.000000  0.000000
  0.000783    0.000000  0.000000  0.000000  0.000000
  0.000795    0.000000  0.000000  0.000000  0.000000
  0.000808    0.000000  0.000000  0.000000  0.000000
  0.000821    0.000000  0.000000  0.000000  0.000000
  0.000835    0.000000  0.000000  0.000000  0.000000
  0.000848    0.000000  0.000000  0.000000  0.000000
  0.000862    0.000000  0.000000  0.000000  0.000000
  0.000876    0.000000  0.000000  0.000000  0.000000
  0.000890    0.000000  0.000000  0.000000  0.000000
  0.000904    0.000000  0.000000  0.000000  0.000000
  0.000919    0.000000  0.000000  0.000000  0.000000
  0.000933    0.000000  0.000000  0.000000  0.000000
  0.000948    0.000000  0.000000  0.000000  0.000000
  0.000964    0.000000  0.000000  0.000000  0.000000
  0.000979    0.000000  0.000000  0.000000  0.000000
  0.000995    0.000000  0.000000  0.000000  0.000000
  0.001011    0.000000  0.000000  0.000000  0.000000
  0.001027    0.000000  0.000000  0.000000  0.000000
  0.001044    0.000000  0.000000  0.000000  0.000000
  0.001061    0.000000  0.000000  0.000000  0.000000
  0.001078    0.000000  0.000000  0.000000  0.000000
  0.001095    0.000000  0.000000  0.000000  0.000000
  0.001113    0.000000  0.000000  0.000000  0.000000
  0.001131    0.000000  0.000000  0.000000  0.000000
  0.001149    0.000000  0.000000  0.000000  0.000000
  0.001168    0.000000  0.000000  0.000000  0.000000
  0.001187    0.000000  0.000000  0.000000  0.000000
  0.001206    0.000000  0.000000  0.000000  0.000000
  0.001225    0.000000  0.000000  0.000000  0.000000
  0.001245    0.000000  0.000000  0.000000  0.000000
  0.001265    0.000000  0.000000  0.000000  0.000000
  0.001285    0.000000  0.000000  0.000000  0.000000
  0.001306    0.000000  0.000000  0.000000  0.000000
  0.001327    0.000000  0.000000  0.000000  0.000000
  0.001349    0.000000  0.000000  0.000000  0.000000
  0.001370    0.000000  0.000000  0.000000  0.000000
  0.001393    0.000000  0.000000  0.000000  0.000000
  0.001415    0.000000  0.000000  0.000000  0.000000
  0.001438    0.000000  0.000000  0.000000  0.000000
  0.001461    0.000000  0.000000  0.000000  0.000000
  0.001485    0.000000  0.000000  0.000000  0.000000
  0.001509    0.000000  0.000000  0.000000  0.000000
  0.001533    0.000000  0.000000  0.000000  0.000000
  0.001558    0.000000  0.000000  0.000000  0.000000
  0.001583    0.000000  0.000000  0.000000  0.000000
  0.001608    0.000000  0.000000  0.000000  0.000000
  0.001634    0.000000  0.000000  0.000000  0.000000
  0.001661    0.000000  0.000000  0.000000  0.000000
  0.001687    0.000000  0.000000  0.000000  0.000000
  0.001714    0.000000  0.000000  0.000000  0.000000
  0.001742    0.000000  0.000000  0.000000  0.000000
  0.001770    0.000000  0.000000  0.000000  0.000000
  0.001799    0.000000  0.000000  0.000000  0.000000
  0.001828    0.000000  0.000000  0.000000  0.000000
  0.001857    0.000000  0.000000  0.000000  0.000000
  0.001887    0.000000  0.000000  0.000000  0.000000
  0.001918    0.000000  0.000000  0.000000  0.000000
  0.001949    0.000000  0.000000  0.000000  0.000000
  0.001980    0.000000  0.000000  0.000000  0.000000
  0.002012    0.000000  0.000000  0.000000  0.000000
  0.002044    0.000000  0.000000  0.000000  0.000000
  0.002077    0.000000  0.000000  0.000000  0.000000
  0.002111    0.000000  0.000000  0.000000  0.000000
  0.002145    0.000000  0.000000  0.000000  0.000000
  0.002180    0.000000  0.000000  0.000000  0.000000
  0.002215    0.000000  0.000000  0.000000  0.000000
  0.002250    0.000000  0.000000  0.000000  0.000000
  0.002287    0.000000  0.000000  0.000000  0.000000
  0.002324    0.000000  0.000000  0.000000  0.000000
  0.002361    0.000000  0.000000  0.000000  0.000000
  0.002399    0.000000  0.000000  0.000000  0.000000
  0.002438    0.000000  0.000000  0.000000  0.000000
  0.002477    0.000000  0.000000  0.000000  0.000000
  0.002517    0.000000  0.000000  0.000000  0.000000
  0.002558    0.000000  0.000000  0.000000  0.000000
  0.002599    0.000000  0.000000  0.000000  0.000000
  0.002641    0.000000  0.000000  0.000000  0.000000
  0.002683    0.000000  0.000000  0.000000  0.000000
  0.002727    0.000000  0.000000  0.000000  0.000000
  0.002771    0.000000  0.000000  0.000000  0.000000
  0.002815    0.000000  0.000000  0.000000  0.000000
  0.002861    0.000000  0.000000  0.000000  0.000000
  0.002907    0.000000  0.000000  0.000000  0.000000
  0.002954    0.000000  0.000000  0.000000  0.000000
  0.003002    0.000000  0.000000  0.000000  0.000000
  0.003050    0.000000  0.000000  0.000000  0.000000
  0.003099    0.000000  0.000000  0.000000  0.000000
  0.003149    0.000000  0.000000  0.000000  0.000000
  0.003200    0.000000  0.000000  0.000000  0.000000
  0.003252    0.000000  0.000000  0.000000  0.000000
  0.003304    0.000000  0.000000  0.000000  0.000000
  0.003357    0.000000  0.000000  0.000000  0.000000
  0.003411    0.000000  0.000000  0.000000  0.000000
  0.003466    0.000000  0.000000  0.000000  0.000000
  0.003522    0.000000  0.000000  0.000000  0.000000
  0.003579    0.000000  0.000000  0.000000  0.000000
  0.003637    0.000000  0.000000  0.000000  0.000000
  0.003696    0.000000  0.000000  0.000000  0.000000
  0.003755    0.000000  0.000000  0.000000  0.000000
  0.003816    0.000000  0.000000  0.000000  0.000000
  0.003877    0.000000  0.000000  0.000000  0.000000
  0.003940    0.000000  0.000000  0.000000  0.000000
  0.004003    0.000000  0.000000  0.000000  0.000000
  0.004068    0.000000  0.000000  0.000000  0.000000
  0.004133    0.000000  0.000000  0.000000  0.000000
  0.004200    0.000000  0.000000  0.000000  0.000000
  0.004268    0.000000  0.000000  0.000000  0.000000
  0.004337    0.000000  0.000000  0.000000  0.000000
  0.004407    0.000000  0.000000  0.000000  0.000000
  0.004478    0.000000  0.000000  0.000000  0.000000
  0.004550    0.000000  0.000000  0.000000  0.000000
  0.004623    0.000000  0.000000  0.000000  0.000000
  0.004698    0.000000  0.000000  0.000000  0.000000
  0.004774    0.000000  0.000000  0.000000  0.000000
  0.004851    0.000000  0.000000  0.000000  0.000000
  0.004929    0.000000  0.000000  0.000000  0.000000
  0.005008    0.000000  0.000000  0.000000  0.000000
  0.005089    0.000000  0.000000  0.000000  0.000000
  0.005171    0.000000  0.000000  0.000000  0.000000
  0.005255    0.000000  0.000000  0.000000  0.000000
  0.005339    0.000000  0.000000  0.000000  0.000000
  0.005426    0.000000  0.000000  0.000000  0.000000
  0.005513    0.000000  0.000000  0.000000  0.000000
  0.005602    0.000000  0.000000  0.000000  0.000000
  0.005692    0.000000  0.000000  0.000000  0.000000
  0.005784    0.000000  0.000000  0.000000  0.000000
  0.005877    0.000000  0.000000  0.000000  0.000000
  0.005972    0.000000  0.000000  0.000000  0.000000
  0.006069    0.000000  0.000000  0.000000  0.000000
  0.006166    0.000000  0.000000  0.000000  0.000000
  0.006266    0.000000  0.000000  0.000000  0.000000
  0.006367    0.000000  0.000000  0.000000  0.000000
  0.006470    0.000000  0.000000  0.000000  0.000000
  0.006574    0.000000  0.000000  0.000000  0.000000
  0.006680    0.000000  0.000000  0.000000  0.000000
  0.006788    0.000000  0.000000  0.000000  0.000000
  0.006897    0.000000  0.000000  0.000000  0.000000
  0.007008    0.000000  0.000000  0.000000  0.000000
  0.007122    0.000000  0.000000  0.000000  0.000000
  0.007236    0.000000  0.000000  0.000000  0.000000
  0.007353    0.000000  0.000000  0.000000  0.000000
  0.007472    0.000000  0.000000  0.000000  0.000000
  0.007592    0.000000  0.000000  0.000000  0.000000
  0.007715    0.000000  0.000000  0.000000  0.000000
  0.007839    0.000000  0.000000  0.000000  0.000000
  0.007966    0.000000  0.000000  0.000000  0.000000
  0.008094    0.000000  0.000000  0.000000  0.000000
  0.008225    0.000000  0.000000  0.000000  0.000000
  0.008357    0.000000  0.000000  0.000000  0.000000
  0.008492    0.000000  0.000000  0.000000  0.000000
  0.008629    0.000000  0.000000  0.000000  0.000000
  0.008768    0.000000  0.000000  0.000000  0.000000
  0.008910    0.000000  0.000000  0.000000  0.000000
  0.009053    0.000000  0.000000  0.000000  0.000000
  0.009199    0.000000  0.000000  0.000000  0.000000
  0.009348    0.000000  0.000000  0.000000  0.000000
  0.009498    0.000000  0.000000  0.000000  0.000000
  0.009652    0.000000  0.000000  0.000000  0.000000
  0.009807    0.000000  0.000000  0.000000  0.000000
  0.009965    0.000000  0.000000  0.000000  0.000000
  0.010126    0.000000  0.000000  0.000000  0.000000
  0.010289    0.000000  0.000000  0.000000  0.000000
  0.010455    0.000000  0.000000  0.000000  0.000000
  0.010624    0.000000  0.000000  0.000000  0.000000
  0.010795    0.000000  0.000000  0.000000  0.000000
  0.010970    0.000000  0.000000  0.000000  0.000000
  0.011146    0.000000  0.000000  0.000000  0.000000
  0.011326    0.000000  0.000000  0.000000  0.000000
  0.011509    0.000000  0.000000  0.000000  0.000000
  0.011695    0.000000  0.000000  0.000000  0.000000
  0.011883    0.000000  0.000000  0.000000  0.000000
  0.012075    0.000000  0.000000  0.000000  0.000000
  0.012270    0.000000  0.000000  0.000000  0.000000
  0.012467    0.000000  0.000000  0.000000  0.000000
  0.012669    0.000000  0.000000  0.000000  0.000000
  0.012873    0.000000  0.000000  0.000000  0.000000
  0.013080    0.000000  0.000000  0.000000  0.000000
  0.013291    0.000000  0.000000  0.000000  0.000000
  0.013506    0.000000  0.000000  0.000000  0.000000
  0.013724    0.000000  0.000000  0.000000  0.000000
  0.013945    0.000000  0.000000  0.000000  0.000000
  0.014170    0.000000  0.000000  0.000000  0.000000
  0.014398    0.000000  0.000000  0.000000  0.000000
  0.014631    0.000000  0.000000  0.000000  0.000000
  0.014867    0.000000  0.000000  0.000000  0.000000
  0.015106    0.000000  0.000000  0.000000  0.000000
  0.015350    0.000000  0.000000  0.000000  0.000000
  0.015598    0.000000  0.000000  0.000000  0.000000
  0.015849    0.000000  0.000000  0.000000  0.000000
  0.016105    0.000000  0.000000  0.000000  0.000000
  0.016365    0.000000  0.000000  0.000000  0.000000
  0.016629    0.000000  0.000000  0.000000  0.000000
  0.016897    0.000000  0.000000  0.000000  0.000000
  0.017169    0.000000  0.000000  0.000000  0.000000
  0.017446    0.000000  0.000000  0.000000  0.000000
  0.017728    0.000000  0.000000  0.000000  0.000000
  0.018013    0.000000  0.000000  0.000000  0.000000
  0.018304    0.000000  0.000000  0.000000  0.000000
  0.018599    0.000000  0.000000  0.000000  0.000000
  0.018899    0.000000  0.000000  0.000000  0.000000
  0.019204    0.000000  0.000000  0.000000  0.000000
  0.019514    0.000000  0.000000  0.000000  0.000000
  0.019828    0.000000  0.000000  0.000000  0.000000
  0.020148    0.000001  0.000001  0.000001  0.000001
  0.020473    0.000001  0.000001  0.000001  0.000001
  0.020803    0.000001  0.000001  0.000001  0.000001
  0.021139    0.000001  0.000001  0.000001  0.000001
  0.021480    0.000001  0.000001  0.000001  0.000001
  0.021826    0.000001  0.000001  0.000001  0.000001
  0.022178    0.000001  0.000001  0.000001  0.000001
  0.022536    0.000001  0.000001  0.000001  0.000001
  0.022900    0.000001  0.000001  0.000001  0.000001
  0.023269    0.000001  0.000001  0.000001  0.000001
  0.023644    0.000001  0.000001  0.000001  0.000001
  0.024026    0.000001  0.000001  0.000001  0.000001
  0.024413    0.000001  0.000001  0.000001  0.000001
  0.024807    0.000001  0.000001  0.000001  0.000001
  0.025207    0.000001  0.000001  0.000001  0.000001
  0.025614    0.000001  0.000001  0.000001  0.000001
  0.026027    0.000001  0.000001  0.000001  0.000001
  0.026446    0.000001  0.000001  0.000001  0.000001
  0.026873    0.000002  0.000002  0.000002  0.000002
  0.027306    0.000002  0.000002  0.000002  0.000002
  0.027747    0.000002  0.000002  0.000002  0.000002
  0.028194    0.000002  0.000002  0.000002  0.000002
  0.028649    0.000002  0.000002  0.000002  0.000002
  0.029111    0.000002  0.000002  0.000002  0.000002
  0.029581    0.000002  0.000002  0.000002  0.000002
  0.030058    0.000002  0.000002  0.000002  0.000002
  0.030543    0.000003  0.000003  0.000003  0.000003
  0.031035    0.000003  0.000003  0.000003  0.000003
  0.031536    0.000003  0.000003  0.000003  0.000003
  0.032044    0.000003  0.000003  0.000003  0.000003
  0.032561    0.000003  0.000003  0.000003  0.000003
  0.033086    0.000003  0.000003  0.000003  0.000003
  0.033620    0.000004  0.000004  0.000004  0.000004
  0.034162    0.000004  0.000004  0.000004  0.000004
  0.034713    0.000004  0.000004  0.000004  0.000004
  0.035273    0.000004  0.000004  0.000004  0.000004
  0.035842    0.000005  0.000005  0.000005  0.000005
  0.036420    0.000005  0.000005  0.000005  0.000005
  0.037007    0.000005  0.000005  0.000005  0.000005
  0.037604    0.000006  0.000006  0.000006  0.000006
  0.038211    0.000006  0.000006  0.000006  0.000006
  0.038827    0.000006  0.000006  0.000006  0.000006
  0.039453    0.000007  0.000007  0.000007  0.000007
  0.040090    0.000007  0.000007  0.000007  0.000007
  0.040736    0.000007  0.000007  0.000007  0.000007
  0.041393    0.000008  0.000008  0.000008  0.000008
  0.042061    0.000008  0.000008  0.000008  0.000008
  0.042739    0.000009  0.000009  0.000009  0.000009
  0.043429    0.000009  0.000009  0.000009  0.000009
  0.044129    0.000010  0.000010  0.000010  0.000010
  0.044841    0.000011  0.000011  0.000011  0.000011
  0.045564    0.000011  0.000011  0.000011  0.000011
  0.046299    0.000012  0.000012  0.000012  0.000012
  0.047046    0.000013  0.000013  0.000013  0.000013
  0.047805    0.000014  0.000014  0.000014  0.000014
  0.048576    0.000014  0.000014  0.000014  0.000014
  0.049359    0.000015  0.000015  0.000015  0.000015
  0.050155    0.000016  0.000016  0.000016  0.000016
  0.050964    0.000017  0.000017  0.000017  0.000017
  0.051786    0.000018  0.000018  0.000018  0.000018
  0.052621    0.000019  0.000019  0.000019  0.000019
  0.053470    0.000021  0.000021  0.000021  0.000021
  0.054332    0.000022  0.000022  0.000022  0.000022
  0.055209    0.000023  0.000023  0.000023  0.000023
  0.056099    0.000025  0.000025  0.000025  0.000025
  0.057004    0.000026  0.000026  0.000026  0.000026
  0.057923    0.000028  0.000028  0.000028  0.000028
  0.058858    0.000029  0.000029  0.000029  0.000029
  0.059807    0.000031  0.000031  0.000031  0.000031
  0.060771    0.000033  0.000033  0.000033  0.000033
  0.061752    0.000035  0.000035  0.000035  0.000035
  0.062748    0.000037  0.000037  0.000037  0.000037
  0.063760    0.000039  0.000039  0.000039  0.000039
  0.064788    0.000041  0.000041  0.000041  0.000041
  0.065833    0.000044  0.000044  0.000044  0.000044
  0.066895    0.000047  0.000047  0.000047  0.000047
  0.067974    0.000049  0.000049  0.000049  0.000049
  0.069070    0.000052  0.000052  0.000052  0.000052
  0.070184    0.000055  0.000055  0.000055  0.000055
  0.071316    0.000059  0.000059  0.000059  0.000059
  0.072466    0.000062  0.000062  0.000062  0.000062
  0.073635    0.000066  0.000066  0.000066  0.000066
  0.074823    0.000070  0.000070  0.000070  0.000070
  0.076029    0.000074  0.000074  0.000074  0.000074
  0.077256    0.000078  0.000078  0.000078  0.000078
  0.078502    0.000083  0.000083  0.000083  0.000083
  0.079768    0.000088  0.000088  0.000088  0.000088
  0.081054    0.000093  0.000093  0.000093  0.000093
  0.082362    0.000098  0.000098  0.000098  0.000098
  0.083690    0.000104  0.000104  0.000104  0.000104
  0.085040    0.000110  0.000110  0.000110  0.000110
  0.086411    0.000117  0.000117  0.000117  0.000117
  0.087805    0.000123  0.000123  0.000123  0.000123
  0.089221    0.000131  0.000131  0.000131  0.000131
  0.090660    0.000138  0.000138  0.000138  0.000138
  0.092123    0.000146  0.000146  0.000146  0.000146
  0.093608    0.000155  0.000155  0.000155  0.000155
  0.095118    0.000163  0.000163  0.000163  0.000163
  0.096652    0.000173  0.000173  0.000173  0.000173
  0.098211    0.000183  0.000183  0.000183  0.000183
  0.099795    0.000193  0.000193  0.000193  0.000193
  0.101405    0.000204  0.000204  0.000204  0.000204
  0.103040    0.000216  0.000216  0.000216  0.000216
  0.104702    0.000228  0.000228  0.000228  0.000228
  0.106391    0.000241  0.000241  0.000241  0.000241
  0.108107    0.000255  0.000255  0.000255  0.000255
  0.109850    0.000270  0.000270  0.000270  0.000270
  0.111622    0.000285  0.000285  0.000285  0.000285
  0.113423    0.000301  0.000301  0.000301  0.000301
  0.115252    0.000318  0.000318  0.000318  0.000318
  0.117111    0.000336  0.000336  0.000336  0.000336
  0.119000    0.000355  0.000355  0.000355  0.000355
  0.120919    0.000374  0.000374  0.000374  0.000374
  0.122869    0.000395  0.000395  0.000395  0.000395
  0.124851    0.000417  0.000417  0.000417  0.000417
  0.126865    0.000441  0.000441  0.000441  0.000441
  0.128911    0.000465  0.000465  0.000465  0.000465
  0.130990    0.000491  0.000491  0.000491  0.000491
  0.133103    0.000518  0.000518  0.000518  0.000518
  0.135249    0.000547  0.000547  0.000547  0.000547
  0.137431    0.000577  0.000577  0.000577  0.000577
  0.139647    0.000608  0.000608  0.000608  0.000608
  0.141900    0.000642  0.000642  0.000642  0.000642
  0.144188    0.000677  0.000677  0.000677  0.000677
  0.146514    0.000714  0.000714  0.000714  0.000714
  0.148877    0.000752  0.000752  0.000752  0.000752
  0.151278    0.000793  0.000793  0.000793  0.000793
  0.153718    0.000836  0.000836  0.000836  0.000836
  0.156197    0.000881  0.000881  0.000881  0.000881
  0.158717    0.000929  0.000929  0.000929  0.000929
  0.161276    0.000979  0.000979  0.000979  0.000979
  0.163878    0.001031  0.001031  0.001031  0.001031
  0.166521    0.001086  0.001086  0.001086  0.001086
  0.169207    0.001144  0.001144  0.001144  0.001144
  0.171936    0.001205  0.001205  0.001205  0.001205
  0.174709    0.001268  0.001268  0.001268  0.001268
  0.177527    0.001336  0.001336  0.001336  0.001336
  0.180390    0.001406  0.001406  0.001406  0.001406
  0.183299    0.001480  0.001480  0.001480  0.001480
  0.186256    0.001557  0.001557  0.001557  0.001557
  0.189260    0.001639  0.001639  0.001639  0.001639
  0.192312    0.001724  0.001724  0.001724  0.001724
  0.195414    0.001814  0.001814  0.001814  0.001814
  0.198566    0.001908  0.001908  0.001908  0.001908
  0.201768    0.002006  0.002006  0.002006  0.002006
  0.205023    0.002110  0.002110  0.002110  0.002110
  0.208329    0.002218  0.002218  0.002218  0.002218
  0.211689    0.002332  0.002332  0.002332  0.002332
  0.215104    0.002451  0.002451  0.002451  0.002451
  0.218573    0.002576  0.002576  0.002576  0.002576
  0.222098    0.002707  0.002707  0.002707  0.002707
  0.225680    0.002844  0.002844  0.002844  0.002844
  0.229320    0.002988  0.002988  0.002988  0.002988
  0.233019    0.003138  0.003138  0.003138  0.003138
  0.236777    0.003296  0.003296  0.003296  0.003296
  0.240596    0.003460  0.003460  0.003460  0.003460
  0.244477    0.003633  0.003633  0.003633  0.003633
  0.248420    0.003814  0.003814  0.003814  0.003814
  0.252426    0.004003  0.004003  0.004003  0.004003
  0.256498    0.004201  0.004201  0.004201  0.004201
  0.260635    0.004408  0.004408  0.004408  0.004408
  0.264838    0.004624  0.004624  0.004624  0.004624
  0.269110    0.004851  0.004851  0.004851  0.004851
  0.273450    0.005088  0.005088  0.005088  0.005088
  0.277861    0.005335  0.005335  0.005335  0.005335
  0.282342    0.005594  0.005594  0.005594  0.005594
  0.286896    0.005865  0.005865  0.005865  0.005865
  0.291523    0.006147  0.006147  0.006147  0.006147
  0.296225    0.006443  0.006443  0.006443  0.006443
  0.301003    0.006752  0.006752  0.006752  0.006752
  0.305858    0.007074  0.007074  0.007074  0.007074
  0.310791    0.007411  0.007411  0.007411  0.007411
  0.315803    0.007763  0.007763  0.007763  0.007763
  0.320897    0.008130  0.008130  0.008130  0.008130
  0.326073    0.008514  0.008514  0.008514  0.008514
  0.331332    0.008914  0.008914  0.008914  0.008914
  0.336676    0.009332  0.009332  0.009332  0.009332
  0.342106    0.009768  0.009768  0.009768  0.009768
  0.347624    0.010223  0.010223  0.010223  0.010223
  0.353230    0.010698  0.010698  0.010698  0.010698
  0.358927    0.011194  0.011194  0.011194  0.011194
  0.364716    0.011711  0.011711  0.011711  0.011711
  0.370599    0.012250  0.012250  0.012250  0.012250
  0.376576    0.012812  0.012812  0.012812  0.012812
  0.382650    0.013399  0.013399  0.013399  0.013399
  0.388821    0.014010  0.014010  0.014010  0.014010
  0.395093    0.014648  0.014648  0.014648  0.014648
  0.401465    0.015313  0.015313  0.015313  0.015313
  0.407940    0.016006  0.016006  0.016006  0.016006
  0.414520    0.016729  0.016729  0.016729  0.016729
  0.421205    0.017482  0.017482  0.017482  0.017482
  0.427999    0.018267  0.018267  0.018267  0.018267
  0.434902    0.019086  0.019086  0.019086  0.019086
  0.441916    0.019939  0.019939  0.019939  0.019939
  0.449044    0.020828  0.020828  0.020828  0.020828
  0.456286    0.021754  0.021754  0.021754  0.021754
  0.463645    0.022720  0.022720  0.022720  0.022720
  0.471123    0.023726  0.023726  0.023726  0.023726
  0.478722    0.024773  0.024773  0.024773  0.024773
  0.486443    0.025865  0.025865  0.025865  0.025865
  0.494289    0.027002  0.027002  0.027002  0.027002
  0.502261    0.028186  0.028186  0.028186  0.028186
  0.510362    0.029419  0.029419  0.029419  0.029419
  0.518593    0.030703  0.030703  0.030703  0.030703
  0.526958    0.032040  0.032040  0.032040  0.032040
  0.535457    0.033432  0.033432  0.033432  0.033432
  0.544093    0.034881  0.034881  0.034881  0.034881
  0.552868    0.036391  0.036391  0.036391  0.036391
  0.561785    0.037962  0.037962  0.037962  0.037962
  0.570846    0.039598  0.039598  0.039598  0.039598
  0.580053    0.041301  0.041301  0.041301  0.041301
  0.589409    0.043074  0.043074  0.043074  0.043074
  0.598915    0.044920  0.044920  0.044920  0.044920
  0.608575    0.046843  0.046843  0.046843  0.046843
  0.618390    0.048844  0.048844  0.048844  0.048844
  0.628364    0.050929  0.050929  0.050929  0.050929
  0.638499    0.053099  0.053099  0.053099  0.053099
  0.648797    0.055360  0.055360  0.055360  0.055360
  0.659261    0.057714  0.057714  0.057714  0.057714
  0.669894    0.060166  0.060166  0.060166  0.060166
  0.680699    0.062721  0.062721  0.062721  0.062721
  0.691678    0.065382  0.065382  0.065382  0.065382
  0.702834    0.068155  0.068155  0.068155  0.068155
  0.714169    0.071045  0.071045  0.071045  0.071045
  0.725688    0.074057  0.074057  0.074057  0.074057
  0.737392    0.077196  0.077196  0.077196  0.077196
  0.749286    0.080468  0.080468  0.080468  0.080468
  0.761370    0.083880  0.083880  0.083880  0.083880
  0.773650    0.087438  0.087438  0.087438  0.087438
  0.786128    0.091148  0.091148  0.091148  0.091148
  0.798808    0.095019  0.095019  0.095019  0.095019
  0.811691    0.099058  0.099058  0.099058  0.099058
  0.824783    0.103272  0.103272  0.103272  0.103272
  0.838085    0.107670  0.107670  0.107670  0.107670
  0.851603    0.112261  0.112261  0.112261  0.112261
  0.865338    0.117054  0.117054  0.117054  0.117054
  0.879295    0.122059  0.122059  0.122059  0.122059
  0.893477    0.127287  0.127287  0.127287  0.127287
  0.907887    0.132748  0.132748  0.132748  0.132748
  0.922530    0.138454  0.138454  0.138454  0.138454
  0.937409    0.144417  0.144417  0.144417  0.144417
  0.952529    0.150650  0.150650  0.150650  0.150650
  0.967892    0.157166  0.157166  0.157166  0.157166
  0.983502    0.163978  0.163978  0.163978  0.163978
  0.999365    0.171103  0.171103  0.171103  0.171103
  1.015483    0.178556  0.178556  0.178556  0.178556
  1.031862    0.186354  0.186354  0.186354  0.186354
  1.048504    0.194513  0.194513  0.194513  0.194513
  1.065415    0.203052  0.203052  0.203052  0.203052
  1.082599    0.211990  0.211990  0.211990  0.211990
  1.100060    0.221348  0.221348  0.221348  0.221348
  1.117803    0.231147  0.231147  0.231147  0.231147
  1.135831    0.241410  0.241410  0.241410  0.241410
  1.154151    0.252161  0.252161  0.252161  0.252161
  1.172766    0.263423  0.263423  0.263423  0.263423
  1.191681    0.275225  0.275225  0.275225  0.275225
  1.210901    0.287592  0.287592  0.287592  0.287592
  1.230431    0.300556  0.300556  0.300556  0.300556
  1.250277    0.314145  0.314145  0.314145  0.314145
  1.270442    0.328393  0.328393  0.328393  0.328393
  1.290932    0.343332  0.343332  0.343332  0.343332
  1.311754    0.359000  0.359000  0.359000  0.359000
  1.332910    0.375434  0.375434  0.375434  0.375434
  1.354408    0.392672  0.392672  0.392672  0.392672
  1.376253    0.410756  0.410756  0.410756  0.410756
  1.398450    0.429730  0.429730  0.429730  0.429730
  1.421006    0.449640  0.449640  0.449640  0.449640
  1.443925    0.470534  0.470534  0.470534  0.470534
  1.467213    0.492462  0.492462  0.492462  0.492462
  1.490877    0.515478  0.515478  0.515478  0.515478
  1.514923    0.539638  0.539638  0.539638  0.539638
  1.539357    0.565001  0.565001  0.565001  0.565001
  1.564185    0.591629  0.591629  0.591629  0.591629
  1.589413    0.619588  0.619588  0.619588  0.619588
  1.615048    0.648946  0.648946  0.648946  0.648946
  1.641097    0.679776  0.679776  0.679776  0.679776
  1.667566    0.712153  0.712153  0.712153  0.712153
  1.694461    0.746159  0.746159  0.746159  0.746159
  1.721791    0.781875  0.781875  0.781875  0.781875
  1.749561    0.819389  0.819389  0.819389  0.819389
  1.777779    0.858791  0.858791  0.858791  0.858791
  1.806452    0.900173  0.900173  0.900173  0.900173
  1.835588    0.943629  0.943629  0.943629  0.943629
  1.865194    0.989256  0.989256  0.989256  0.989256
  1.895277    1.037151  1.037151  1.037151  1.037151
  1.925845    1.087412  1.087412  1.087412  1.087412
  1.956906    1.140135  1.140135  1.140135  1.140135
  1.988469    1.195418  1.195418  1.195418  1.195418
  2.020540    1.253355  1.253355  1.253355  1.253355
  2.053129    1.314043  1.314043  1.314043  1.314043
  2.086243    1.377573  1.377573  1.377573  1.377573
  2.119891    1.444039  1.444039  1.444039  1.444039
  2.154082    1.513531  1.513531  1.513531  1.513531
  2.188825    1.586139  1.586139  1.586139  1.586139
  2.224128    1.661948  1.661948  1.661948  1.661948
  2.260000    1.741044  1.741044  1.741044  1.741044
