1   f l a p w  version fleur.26b


 -------- dump of inp-file ------------
strho=F,film=F,dos=F,isec1=99,ndir= 0,secvar=F
bcc Fe                                                                          
any any ,invs=T,zrfs=F,invs2=F,jspins=2,l_noco=F,l_J=F,ms=F,sgwf=F,socgwf=F
    -2.67728003     2.67728003     2.67728003
     2.67728003    -2.67728003     2.67728003
     2.67728003     2.67728003    -2.67728003    -2.67728003     1.00000000
pbe    non-relativi
igrd=1,lwb=F,ndvgrd=6,idsprs=0,chng=-0.100D-11
    
  1
**********************************
Fe  26    4   12  981  2.260000  0.016000
    
 1,force =T,nlo= 2,llo=  0  1
  0.000000  0.000000  0.000000  4.000000
**********************************
 15.000000 12.500000
vchk=F,cdinf=F,pot8=F,gw=0,numbands=  0
lpr=0,form66=F,l_f=F,eonly=F,eig66=F,soc66=T
  8
  1  0
Window # 1
  -1.80000   1.00000  16.00000
   5.20000 =kmax
gauss=F   0.00100tria=F
  0.000000  0.000000,l_soc=T,spav=F,off=F
frcor=F,slice=F,ctail=T,disp=F,kcrel=0,u2f=F,f2u=F,bmt=F
itmax= 9,maxiter= 99,imix= 7,alpha=  0.05,spinf=  2.00
swsp=F  2.20
lflip=F  1
vacdos=F,layers= 0,integ=F,star=F,nstars= 0     0.00     0.00     0.00     0.00,nstm=0,tworkf=  0.000000

iplot=F,score=F,plpot=F,band=T
  0  0.000000  0.000000,nnne=  0,pallst=F
xa=   2.00000,thetad= 330.00000,epsdisp=   0.00001,epsforce=   0.00001
relax 111
emin_dos=  -0.50000,emax_dos=   0.50000,sig_dos=   0.01500


    bcc Fe                                                                          


 lattice=any
 name of space group=any 
 inversion symmetry=   T
 z-reflection symmetry=F
 vacuum-inversion symm=F
 jspins=2
 unit cell scaled by      1.000000
 the vacuum begins at z= -1.338640
 dtilda/2=               -1.338640
igrd=1,lwb=F,ndvgrd=6,idsprs=0,chng=-0.100D-11


Fe  26    4   12  981  2.260000  0.016000
  0.000000  0.000000  0.000000  4.000000
 nwd=           1 lepr=           0



 input of parameters for eigenvalues:
    eigenvectors are not printed
    formatted eigenvector file = F
    calculate Pulay-forces = F
    eigenvalues only = F
    number of energy windows = 1
    energy parameter mode: absolute


    max. l value in wavefunctions for atom type(s) 1 to  1:  8


 energy window  1 of  1 from  -1.800 to   1.000 hartrees; nr. of electrons=  16.0

 wavefunction cutoff (relative) =   5.20000
                     (absolute) =   5.20000
 itmax=           9  broy_sv=          99  imix=           7
 alpha=  5.000000000000000E-002  spinf=   2.00000000000000     
 gmax= 14.935287
 nq3=    577
 izmin=    0
 izmax=   -1
 nk1=     23
 nk2=     23
 nk3=     23

 mx1=    11
 mx2=    11 mx3=    11


 number of k-points for this window =  353
           coordinates           weights
   0.00000   0.00000   0.00000   0.00283
   0.00538  -0.00538   0.00538   0.00283
   0.01075  -0.01075   0.01075   0.00283
   0.01613  -0.01613   0.01613   0.00283
   0.02151  -0.02151   0.02151   0.00283
   0.02688  -0.02688   0.02688   0.00283
   0.03226  -0.03226   0.03226   0.00283
   0.03763  -0.03763   0.03763   0.00283
   0.04301  -0.04301   0.04301   0.00283
   0.04839  -0.04839   0.04839   0.00283
   0.05376  -0.05376   0.05376   0.00283
   0.05914  -0.05914   0.05914   0.00283
   0.06452  -0.06452   0.06452   0.00283
   0.06989  -0.06989   0.06989   0.00283
   0.07527  -0.07527   0.07527   0.00283
   0.08065  -0.08065   0.08065   0.00283
   0.08602  -0.08602   0.08602   0.00283
   0.09140  -0.09140   0.09140   0.00283
   0.09677  -0.09677   0.09677   0.00283
   0.10215  -0.10215   0.10215   0.00283
   0.10753  -0.10753   0.10753   0.00283
   0.11290  -0.11290   0.11290   0.00283
   0.11828  -0.11828   0.11828   0.00283
   0.12366  -0.12366   0.12366   0.00283
   0.12903  -0.12903   0.12903   0.00283
   0.13441  -0.13441   0.13441   0.00283
   0.13978  -0.13978   0.13978   0.00283
   0.14516  -0.14516   0.14516   0.00283
   0.15054  -0.15054   0.15054   0.00283
   0.15591  -0.15591   0.15591   0.00283
   0.16129  -0.16129   0.16129   0.00283
   0.16667  -0.16667   0.16667   0.00283
   0.17204  -0.17204   0.17204   0.00283
   0.17742  -0.17742   0.17742   0.00283
   0.18280  -0.18280   0.18280   0.00283
   0.18817  -0.18817   0.18817   0.00283
   0.19355  -0.19355   0.19355   0.00283
   0.19892  -0.19892   0.19892   0.00283
   0.20430  -0.20430   0.20430   0.00283
   0.20968  -0.20968   0.20968   0.00283
   0.21505  -0.21505   0.21505   0.00283
   0.22043  -0.22043   0.22043   0.00283
   0.22581  -0.22581   0.22581   0.00283
   0.23118  -0.23118   0.23118   0.00283
   0.23656  -0.23656   0.23656   0.00283
   0.24194  -0.24194   0.24194   0.00283
   0.24731  -0.24731   0.24731   0.00283
   0.25269  -0.25269   0.25269   0.00283
   0.25806  -0.25806   0.25806   0.00283
   0.26344  -0.26344   0.26344   0.00283
   0.26882  -0.26882   0.26882   0.00283
   0.27419  -0.27419   0.27419   0.00283
   0.27957  -0.27957   0.27957   0.00283
   0.28495  -0.28495   0.28495   0.00283
   0.29032  -0.29032   0.29032   0.00283
   0.29570  -0.29570   0.29570   0.00283
   0.30108  -0.30108   0.30108   0.00283
   0.30645  -0.30645   0.30645   0.00283
   0.31183  -0.31183   0.31183   0.00283
   0.31720  -0.31720   0.31720   0.00283
   0.32258  -0.32258   0.32258   0.00283
   0.32796  -0.32796   0.32796   0.00283
   0.33333  -0.33333   0.33333   0.00283
   0.33871  -0.33871   0.33871   0.00283
   0.34409  -0.34409   0.34409   0.00283
   0.34946  -0.34946   0.34946   0.00283
   0.35484  -0.35484   0.35484   0.00283
   0.36022  -0.36022   0.36022   0.00283
   0.36559  -0.36559   0.36559   0.00283
   0.37097  -0.37097   0.37097   0.00283
   0.37634  -0.37634   0.37634   0.00283
   0.38172  -0.38172   0.38172   0.00283
   0.38710  -0.38710   0.38710   0.00283
   0.39247  -0.39247   0.39247   0.00283
   0.39785  -0.39785   0.39785   0.00283
   0.40323  -0.40323   0.40323   0.00283
   0.40860  -0.40860   0.40860   0.00283
   0.41398  -0.41398   0.41398   0.00283
   0.41935  -0.41935   0.41935   0.00283
   0.42473  -0.42473   0.42473   0.00283
   0.43011  -0.43011   0.43011   0.00283
   0.43548  -0.43548   0.43548   0.00283
   0.44086  -0.44086   0.44086   0.00283
   0.44624  -0.44624   0.44624   0.00283
   0.45161  -0.45161   0.45161   0.00283
   0.45699  -0.45699   0.45699   0.00283
   0.46237  -0.46237   0.46237   0.00283
   0.46774  -0.46774   0.46774   0.00283
   0.47312  -0.47312   0.47312   0.00283
   0.47849  -0.47849   0.47849   0.00283
   0.48387  -0.48387   0.48387   0.00283
   0.48925  -0.48925   0.48925   0.00283
   0.49462  -0.49462   0.49462   0.00283
   0.50000  -0.50000   0.50000   0.00283
   0.49242  -0.49242   0.50000   0.00283
   0.48485  -0.48485   0.50000   0.00283
   0.47727  -0.47727   0.50000   0.00283
   0.46970  -0.46970   0.50000   0.00283
   0.46212  -0.46212   0.50000   0.00283
   0.45455  -0.45455   0.50000   0.00283
   0.44697  -0.44697   0.50000   0.00283
   0.43939  -0.43939   0.50000   0.00283
   0.43182  -0.43182   0.50000   0.00283
   0.42424  -0.42424   0.50000   0.00283
   0.41667  -0.41667   0.50000   0.00283
   0.40909  -0.40909   0.50000   0.00283
   0.40152  -0.40152   0.50000   0.00283
   0.39394  -0.39394   0.50000   0.00283
   0.38636  -0.38636   0.50000   0.00283
   0.37879  -0.37879   0.50000   0.00283
   0.37121  -0.37121   0.50000   0.00283
   0.36364  -0.36364   0.50000   0.00283
   0.35606  -0.35606   0.50000   0.00283
   0.34848  -0.34848   0.50000   0.00283
   0.34091  -0.34091   0.50000   0.00283
   0.33333  -0.33333   0.50000   0.00283
   0.32576  -0.32576   0.50000   0.00283
   0.31818  -0.31818   0.50000   0.00283
   0.31061  -0.31061   0.50000   0.00283
   0.30303  -0.30303   0.50000   0.00283
   0.29545  -0.29545   0.50000   0.00283
   0.28788  -0.28788   0.50000   0.00283
   0.28030  -0.28030   0.50000   0.00283
   0.27273  -0.27273   0.50000   0.00283
   0.26515  -0.26515   0.50000   0.00283
   0.25758  -0.25758   0.50000   0.00283
   0.25000  -0.25000   0.50000   0.00283
   0.24242  -0.24242   0.50000   0.00283
   0.23485  -0.23485   0.50000   0.00283
   0.22727  -0.22727   0.50000   0.00283
   0.21970  -0.21970   0.50000   0.00283
   0.21212  -0.21212   0.50000   0.00283
   0.20455  -0.20455   0.50000   0.00283
   0.19697  -0.19697   0.50000   0.00283
   0.18939  -0.18939   0.50000   0.00283
   0.18182  -0.18182   0.50000   0.00283
   0.17424  -0.17424   0.50000   0.00283
   0.16667  -0.16667   0.50000   0.00283
   0.15909  -0.15909   0.50000   0.00283
   0.15152  -0.15152   0.50000   0.00283
   0.14394  -0.14394   0.50000   0.00283
   0.13636  -0.13636   0.50000   0.00283
   0.12879  -0.12879   0.50000   0.00283
   0.12121  -0.12121   0.50000   0.00283
   0.11364  -0.11364   0.50000   0.00283
   0.10606  -0.10606   0.50000   0.00283
   0.09848  -0.09848   0.50000   0.00283
   0.09091  -0.09091   0.50000   0.00283
   0.08333  -0.08333   0.50000   0.00283
   0.07576  -0.07576   0.50000   0.00283
   0.06818  -0.06818   0.50000   0.00283
   0.06061  -0.06061   0.50000   0.00283
   0.05303  -0.05303   0.50000   0.00283
   0.04545  -0.04545   0.50000   0.00283
   0.03788  -0.03788   0.50000   0.00283
   0.03030  -0.03030   0.50000   0.00283
   0.02273  -0.02273   0.50000   0.00283
   0.01515  -0.01515   0.50000   0.00283
   0.00758  -0.00758   0.50000   0.00283
   0.00000   0.00000   0.50000   0.00283
   0.00532   0.00532   0.49468   0.00283
   0.01064   0.01064   0.48936   0.00283
   0.01596   0.01596   0.48404   0.00283
   0.02128   0.02128   0.47872   0.00283
   0.02660   0.02660   0.47340   0.00283
   0.03191   0.03191   0.46809   0.00283
   0.03723   0.03723   0.46277   0.00283
   0.04255   0.04255   0.45745   0.00283
   0.04787   0.04787   0.45213   0.00283
   0.05319   0.05319   0.44681   0.00283
   0.05851   0.05851   0.44149   0.00283
   0.06383   0.06383   0.43617   0.00283
   0.06915   0.06915   0.43085   0.00283
   0.07447   0.07447   0.42553   0.00283
   0.07979   0.07979   0.42021   0.00283
   0.08511   0.08511   0.41489   0.00283
   0.09043   0.09043   0.40957   0.00283
   0.09574   0.09574   0.40426   0.00283
   0.10106   0.10106   0.39894   0.00283
   0.10638   0.10638   0.39362   0.00283
   0.11170   0.11170   0.38830   0.00283
   0.11702   0.11702   0.38298   0.00283
   0.12234   0.12234   0.37766   0.00283
   0.12766   0.12766   0.37234   0.00283
   0.13298   0.13298   0.36702   0.00283
   0.13830   0.13830   0.36170   0.00283
   0.14362   0.14362   0.35638   0.00283
   0.14894   0.14894   0.35106   0.00283
   0.15426   0.15426   0.34574   0.00283
   0.15957   0.15957   0.34043   0.00283
   0.16489   0.16489   0.33511   0.00283
   0.17021   0.17021   0.32979   0.00283
   0.17553   0.17553   0.32447   0.00283
   0.18085   0.18085   0.31915   0.00283
   0.18617   0.18617   0.31383   0.00283
   0.19149   0.19149   0.30851   0.00283
   0.19681   0.19681   0.30319   0.00283
   0.20213   0.20213   0.29787   0.00283
   0.20745   0.20745   0.29255   0.00283
   0.21277   0.21277   0.28723   0.00283
   0.21809   0.21809   0.28191   0.00283
   0.22340   0.22340   0.27660   0.00283
   0.22872   0.22872   0.27128   0.00283
   0.23404   0.23404   0.26596   0.00283
   0.23936   0.23936   0.26064   0.00283
   0.24468   0.24468   0.25532   0.00283
   0.25000   0.25000   0.25000   0.00283
   0.24688   0.24688   0.24688   0.00283
   0.24375   0.24375   0.24375   0.00283
   0.24063   0.24063   0.24063   0.00283
   0.23750   0.23750   0.23750   0.00283
   0.23438   0.23438   0.23438   0.00283
   0.23125   0.23125   0.23125   0.00283
   0.22813   0.22813   0.22813   0.00283
   0.22500   0.22500   0.22500   0.00283
   0.22188   0.22188   0.22188   0.00283
   0.21875   0.21875   0.21875   0.00283
   0.21563   0.21563   0.21563   0.00283
   0.21250   0.21250   0.21250   0.00283
   0.20938   0.20938   0.20938   0.00283
   0.20625   0.20625   0.20625   0.00283
   0.20313   0.20313   0.20313   0.00283
   0.20000   0.20000   0.20000   0.00283
   0.19688   0.19688   0.19688   0.00283
   0.19375   0.19375   0.19375   0.00283
   0.19063   0.19063   0.19063   0.00283
   0.18750   0.18750   0.18750   0.00283
   0.18438   0.18438   0.18438   0.00283
   0.18125   0.18125   0.18125   0.00283
   0.17813   0.17813   0.17813   0.00283
   0.17500   0.17500   0.17500   0.00283
   0.17188   0.17188   0.17188   0.00283
   0.16875   0.16875   0.16875   0.00283
   0.16563   0.16563   0.16563   0.00283
   0.16250   0.16250   0.16250   0.00283
   0.15938   0.15938   0.15938   0.00283
   0.15625   0.15625   0.15625   0.00283
   0.15313   0.15313   0.15313   0.00283
   0.15000   0.15000   0.15000   0.00283
   0.14688   0.14688   0.14688   0.00283
   0.14375   0.14375   0.14375   0.00283
   0.14063   0.14063   0.14063   0.00283
   0.13750   0.13750   0.13750   0.00283
   0.13438   0.13438   0.13438   0.00283
   0.13125   0.13125   0.13125   0.00283
   0.12813   0.12813   0.12813   0.00283
   0.12500   0.12500   0.12500   0.00283
   0.12188   0.12188   0.12188   0.00283
   0.11875   0.11875   0.11875   0.00283
   0.11563   0.11563   0.11563   0.00283
   0.11250   0.11250   0.11250   0.00283
   0.10938   0.10938   0.10938   0.00283
   0.10625   0.10625   0.10625   0.00283
   0.10313   0.10313   0.10313   0.00283
   0.10000   0.10000   0.10000   0.00283
   0.09688   0.09688   0.09688   0.00283
   0.09375   0.09375   0.09375   0.00283
   0.09063   0.09063   0.09063   0.00283
   0.08750   0.08750   0.08750   0.00283
   0.08438   0.08438   0.08438   0.00283
   0.08125   0.08125   0.08125   0.00283
   0.07813   0.07813   0.07813   0.00283
   0.07500   0.07500   0.07500   0.00283
   0.07188   0.07188   0.07188   0.00283
   0.06875   0.06875   0.06875   0.00283
   0.06563   0.06563   0.06563   0.00283
   0.06250   0.06250   0.06250   0.00283
   0.05938   0.05938   0.05938   0.00283
   0.05625   0.05625   0.05625   0.00283
   0.05313   0.05313   0.05313   0.00283
   0.05000   0.05000   0.05000   0.00283
   0.04688   0.04688   0.04688   0.00283
   0.04375   0.04375   0.04375   0.00283
   0.04063   0.04063   0.04063   0.00283
   0.03750   0.03750   0.03750   0.00283
   0.03438   0.03438   0.03438   0.00283
   0.03125   0.03125   0.03125   0.00283
   0.02813   0.02813   0.02813   0.00283
   0.02500   0.02500   0.02500   0.00283
   0.02188   0.02188   0.02188   0.00283
   0.01875   0.01875   0.01875   0.00283
   0.01563   0.01563   0.01563   0.00283
   0.01250   0.01250   0.01250   0.00283
   0.00938   0.00938   0.00938   0.00283
   0.00625   0.00625   0.00625   0.00283
   0.00313   0.00313   0.00313   0.00283
   0.00000   0.00000   0.00000   0.00283
   0.00000   0.00000   0.00758   0.00283
   0.00000   0.00000   0.01515   0.00283
   0.00000   0.00000   0.02273   0.00283
   0.00000   0.00000   0.03030   0.00283
   0.00000   0.00000   0.03788   0.00283
   0.00000   0.00000   0.04545   0.00283
   0.00000   0.00000   0.05303   0.00283
   0.00000   0.00000   0.06061   0.00283
   0.00000   0.00000   0.06818   0.00283
   0.00000   0.00000   0.07576   0.00283
   0.00000   0.00000   0.08333   0.00283
   0.00000   0.00000   0.09091   0.00283
   0.00000   0.00000   0.09848   0.00283
   0.00000   0.00000   0.10606   0.00283
   0.00000   0.00000   0.11364   0.00283
   0.00000   0.00000   0.12121   0.00283
   0.00000   0.00000   0.12879   0.00283
   0.00000   0.00000   0.13636   0.00283
   0.00000   0.00000   0.14394   0.00283
   0.00000   0.00000   0.15152   0.00283
   0.00000   0.00000   0.15909   0.00283
   0.00000   0.00000   0.16667   0.00283
   0.00000   0.00000   0.17424   0.00283
   0.00000   0.00000   0.18182   0.00283
   0.00000   0.00000   0.18939   0.00283
   0.00000   0.00000   0.19697   0.00283
   0.00000   0.00000   0.20455   0.00283
   0.00000   0.00000   0.21212   0.00283
   0.00000   0.00000   0.21970   0.00283
   0.00000   0.00000   0.22727   0.00283
   0.00000   0.00000   0.23485   0.00283
   0.00000   0.00000   0.24242   0.00283
   0.00000   0.00000   0.25000   0.00283
   0.00000   0.00000   0.25758   0.00283
   0.00000   0.00000   0.26515   0.00283
   0.00000   0.00000   0.27273   0.00283
   0.00000   0.00000   0.28030   0.00283
   0.00000   0.00000   0.28788   0.00283
   0.00000   0.00000   0.29545   0.00283
   0.00000   0.00000   0.30303   0.00283
   0.00000   0.00000   0.31061   0.00283
   0.00000   0.00000   0.31818   0.00283
   0.00000   0.00000   0.32576   0.00283
   0.00000   0.00000   0.33333   0.00283
   0.00000   0.00000   0.34091   0.00283
   0.00000   0.00000   0.34848   0.00283
   0.00000   0.00000   0.35606   0.00283
   0.00000   0.00000   0.36364   0.00283
   0.00000   0.00000   0.37121   0.00283
   0.00000   0.00000   0.37879   0.00283
   0.00000   0.00000   0.38636   0.00283
   0.00000   0.00000   0.39394   0.00283
   0.00000   0.00000   0.40152   0.00283
   0.00000   0.00000   0.40909   0.00283
   0.00000   0.00000   0.41667   0.00283
   0.00000   0.00000   0.42424   0.00283
   0.00000   0.00000   0.43182   0.00283
   0.00000   0.00000   0.43939   0.00283
   0.00000   0.00000   0.44697   0.00283
   0.00000   0.00000   0.45455   0.00283
   0.00000   0.00000   0.46212   0.00283
   0.00000   0.00000   0.46970   0.00283
   0.00000   0.00000   0.47727   0.00283
   0.00000   0.00000   0.48485   0.00283
   0.00000   0.00000   0.49242   0.00283
   0.00000   0.00000   0.50000   0.00283


          convergence parameters for the pseudocharge density expansion
          atom     parameter     max. l to include

            1          26              25
          max values allowed: ncvd= 26, l= 25


             it=        1

          total charge for spin  1=   14.100000
          interst. charge =       0.596629
          mt charge=             13.503371

          total charge for spin  2=   11.900000
          interst. charge =       0.521497
          mt charge=             11.378503

          total charge  =   26.000000

          total charge for spin  1=   14.100000
          interst. charge =       0.596629
          mt charge=             13.503371

          total charge for spin  2=   11.900000
          interst. charge =       0.521497
          mt charge=             11.378503

          total charge  =   26.000000

          integral of pseudo charge density inside the slab=        0.000000   0.000000

          density-coulomb potential integrals


          interstitial :                       0.4423593926

          muffin tin spheres :             -1952.5732073155

          total density-coulomb potenti    -1952.1308479229

     interstitial potential average (vbar) =  0.011988  0.011756

          density-effective potential integrals for spin  1


          interstitial :                       0.0048417538

          muffin tin spheres :             -1020.3828746071

          density-effective potential integrals for spin  2


          interstitial :                       0.0049213735

          muffin tin spheres :             -1004.4521958819

          total density-effective poten    -2024.8253073618

          charge density-energy density integrals


          interstitial :                      -0.3337759930

          muffin tin spheres :               -55.6681544832

          total charge density-energy d      -56.0019304762


 k=(    0.000000    0.000000    0.000000):       177 3-d basis functions
 the  52 SOC eigenvalues are:
        -2.813884   -2.728973   -1.583449   -1.567631   -1.539407
        -1.483802   -1.468134   -1.455923    0.072369    0.094369
         0.323356    0.324346    0.325466    0.382576    0.383050
         0.396536    0.396971    0.398208    0.459799    0.459837
         1.275330    1.275332    1.275334    1.289386    1.289388
         1.289390    1.565772    1.565772    1.581830    1.581831
         1.600263    1.604977    1.611225    1.644101    1.648705
         1.652548    1.848995    1.849426    1.849869    1.885739
         1.886214    1.886677    2.256778    2.283012    2.704371
         2.705743    2.707222    2.744854    2.746263    2.747586
         3.419306    3.459827


 k=(    0.118280   -0.118280    0.118280):       181 3-d basis functions
 the  52 SOC eigenvalues are:
        -2.813107   -2.728148   -1.585353   -1.569036   -1.541471
        -1.485887   -1.469648   -1.458143    0.113718    0.136039
         0.324550    0.324581    0.336281    0.362222    0.390277
         0.396078    0.396700    0.409901    0.435385    0.468545
         1.172282    1.192766    1.257622    1.257639    1.282236
         1.282273    1.304625    1.329794    1.479018    1.479024
         1.513241    1.513244    1.765416    1.779389    1.827186
         1.844213    1.863078    1.873803    2.037669    2.037671
         2.071596    2.071598    2.221449    2.252261    2.676700
         2.705478    2.882411    2.882412    2.923827    2.923827
         3.264675    3.294714


 k=(    0.236560   -0.236560    0.236560):       184 3-d basis functions
 the  52 SOC eigenvalues are:
        -2.811299   -2.726231   -1.589441   -1.572574   -1.545838
        -1.490396   -1.473508   -1.462797    0.209831    0.237375
         0.311191    0.336965    0.337034    0.365806    0.376592
         0.407028    0.407421    0.417303    0.442194    0.489770
         1.058055    1.058074    1.071259    1.095376    1.095384
         1.101629    1.127881    1.153111    1.608866    1.608868
         1.632947    1.632949    1.788820    1.822367    1.836733
         1.869185    1.983026    2.010542    2.144078    2.158342
         2.259725    2.259725    2.292464    2.292464    2.907026
         2.916177    2.927586    2.938798    3.012572    3.012573
         3.037514    3.037514


 k=(    0.354840   -0.354840    0.354840):       184 3-d basis functions
 the  52 SOC eigenvalues are:
        -2.809552   -2.724382   -1.592839   -1.576489   -1.549477
        -1.494128   -1.477846   -1.466678    0.247806    0.258649
         0.296398    0.316718    0.375070    0.375100    0.399462
         0.448072    0.448153    0.478399    0.539071    0.584452
         0.861342    0.861345    0.896282    0.896284    1.024670
         1.062898    1.071737    1.103327    1.416178    1.451057
         1.772442    1.803189    1.881273    1.881274    1.906166
         1.906167    2.074507    2.103033    2.447992    2.447992
         2.482018    2.482019    2.603225    2.610706    2.623878
         2.629195    2.901407    2.901410    2.919573    2.919580
         2.942201    2.965946


 k=(    0.473120   -0.473120    0.473120):       188 3-d basis functions
 the  52 SOC eigenvalues are:
        -2.808693   -2.723476   -1.594287   -1.578652   -1.550995
        -1.495735   -1.480270   -1.468280    0.231537    0.231615
         0.286413    0.286704    0.415593    0.416296    0.418489
         0.495920    0.496579    0.499124    0.731434    0.749840
         0.751582    0.760696    0.778723    0.778947    1.010188
         1.020453    1.051915    1.060960    1.165327    1.205563
         1.775746    1.804867    2.139393    2.139610    2.151374
         2.168658    2.169039    2.181127    2.453652    2.454565
         2.454574    2.473597    2.475885    2.475888    2.636037
         2.660912    2.964024    2.977635    2.977635    3.010323
         3.023679    3.023679


 k=(    0.371210   -0.371210    0.500000):       186 3-d basis functions
 the  52 SOC eigenvalues are:
        -2.809003   -2.723802   -1.593819   -1.577833   -1.550457
        -1.495229   -1.479345   -1.467696    0.240750    0.241691
         0.296026    0.296129    0.388812    0.395939    0.420134
         0.464456    0.471387    0.501062    0.684495    0.717131
         0.718714    0.752652    0.795219    0.825741    1.030335
         1.068649    1.094909    1.128501    1.238707    1.277612
         1.759876    1.789346    1.967561    1.994327    2.057279
         2.084434    2.221006    2.251075    2.382521    2.405506
         2.430782    2.456834    2.584892    2.611511    2.759099
         2.787203    2.801457    2.825439    2.924145    2.963212
         2.983834    3.012448


 k=(    0.204550   -0.204550    0.500000):       188 3-d basis functions
 the  52 SOC eigenvalues are:
        -2.810046   -2.724902   -1.592637   -1.575087   -1.548245
        -1.494197   -1.476201   -1.465001    0.248340    0.289011
         0.301070    0.320402    0.340526    0.360354    0.389477
         0.425210    0.431971    0.506617    0.547407    0.592535
         0.681578    0.732088    0.945926    0.980376    1.043390
         1.072340    1.330258    1.353488    1.496210    1.529929
         1.574799    1.604375    1.697211    1.727950    2.096042
         2.126880    2.244866    2.270897    2.304686    2.320660
         2.330990    2.360385    2.472040    2.503239    2.606725
         2.638034    2.706855    2.727207    2.823820    2.860483
         2.869579    2.888514


 k=(    0.037880   -0.037880    0.500000):       186 3-d basis functions
 the  52 SOC eigenvalues are:
        -2.810763   -2.725658   -1.592196   -1.573223   -1.546355
        -1.494057   -1.474013   -1.462530    0.220603    0.269841
         0.282921    0.349394    0.371982    0.380747    0.413123
         0.421861    0.428841    0.457132    0.480122    0.510686
         0.674013    0.729764    1.045717    1.063609    1.112355
         1.145661    1.359257    1.391198    1.471387    1.502955
         1.596336    1.617075    1.855220    1.888771    1.930689
         1.944399    2.176878    2.203475    2.264521    2.301726
         2.365265    2.397071    2.477339    2.505011    2.551948
         2.575693    2.619032    2.648187    2.804295    2.821498
         2.845295    2.868201


 k=(    0.090430    0.090430    0.409570):       180 3-d basis functions
 the  52 SOC eigenvalues are:
        -2.810757   -2.725650   -1.591739   -1.573671   -1.546516
        -1.493440   -1.474616   -1.462919    0.235798    0.278854
         0.286420    0.343444    0.345071    0.384634    0.388611
         0.391946    0.462127    0.470380    0.507592    0.566248
         0.676308    0.730008    0.963138    0.990635    1.004862
         1.038377    1.433161    1.456147    1.614761    1.644562
         1.646922    1.668099    1.857662    1.872183    1.961156
         1.993865    2.201583    2.232197    2.236572    2.268337
         2.268736    2.293760    2.383057    2.401798    2.483460
         2.518515    2.639575    2.669752    2.798794    2.828246
         2.949352    2.975171


 k=(    0.207450    0.207450    0.292550):       180 3-d basis functions
 the  52 SOC eigenvalues are:
        -2.810682   -2.725566   -1.590744   -1.574845   -1.547073
        -1.491981   -1.476155   -1.464109    0.277983    0.278140
         0.292611    0.333517    0.336861    0.346223    0.391633
         0.392787    0.470349    0.471590    0.654251    0.701839
         0.703474    0.749130    0.779618    0.811052    0.820666
         0.846696    1.678661    1.694959    1.764454    1.786136
         1.792400    1.807440    1.828930    1.854941    1.912736
         1.933960    1.937748    1.952690    2.317940    2.352418
         2.357708    2.387886    2.486215    2.490810    2.509399
         2.532605    2.588196    2.621437    2.645430    2.674461
         3.001491    3.031030


 k=(    0.206250    0.206250    0.206250):       180 3-d basis functions
 the  52 SOC eigenvalues are:
        -2.810755   -2.725644   -1.590711   -1.574708   -1.546711
        -1.491939   -1.476138   -1.463522    0.278635    0.278635
         0.286028    0.332883    0.337692    0.337812    0.390791
         0.391601    0.469406    0.470225    0.578154    0.634353
         0.791408    0.793141    0.830078    0.832756    0.833764
         0.865732    1.623730    1.638384    1.756462    1.756642
         1.777831    1.778001    1.789997    1.814817    2.003040
         2.003804    2.024494    2.025223    2.208941    2.210891
         2.240433    2.242332    2.492297    2.534601    2.610983
         2.611991    2.638388    2.639403    2.764222    2.800801
         2.971857    3.000415


 k=(    0.137500    0.137500    0.137500):       180 3-d basis functions
 the  52 SOC eigenvalues are:
        -2.811610   -2.726556   -1.589139   -1.572629   -1.544383
        -1.490255   -1.473895   -1.460740    0.214692    0.241958
         0.289582    0.289596    0.354051    0.354118    0.383713
         0.384913    0.431008    0.461060    0.462407    0.504857
         0.958472    0.960298    0.991736    0.993607    1.020120
         1.056933    1.430276    1.444567    1.714789    1.715039
         1.738195    1.738510    1.763974    1.766845    1.794851
         1.797743    1.800601    1.826553    2.359225    2.359540
         2.383985    2.384264    2.557800    2.559579    2.563005
         2.587273    2.589058    2.602878    2.843513    2.843699
         2.873375    2.873574


 k=(    0.068750    0.068750    0.068750):       183 3-d basis functions
 the  52 SOC eigenvalues are:
        -2.813120   -2.728162   -1.585260   -1.569350   -1.541155
        -1.485838   -1.470107   -1.457690    0.114139    0.136525
         0.313974    0.314559    0.352040    0.378708    0.379980
         0.385032    0.385509    0.426299    0.455833    0.456573
         1.166326    1.167306    1.190087    1.191024    1.314079
         1.323543    1.328190    1.363460    1.527766    1.530342
         1.553573    1.555914    1.711995    1.712575    1.741894
         1.742640    1.901523    1.932199    2.036083    2.037329
         2.068418    2.069663    2.405105    2.436290    2.700279
         2.701634    2.733901    2.735279    2.774761    2.815371
         3.141252    3.170904


 k=(    0.000000    0.000000    0.000000):       177 3-d basis functions
 the  52 SOC eigenvalues are:
        -2.813884   -2.728973   -1.583449   -1.567631   -1.539407
        -1.483802   -1.468134   -1.455923    0.072369    0.094369
         0.323356    0.324346    0.325466    0.382576    0.383050
         0.396536    0.396971    0.398208    0.459799    0.459837
         1.275330    1.275332    1.275334    1.289386    1.289388
         1.289390    1.565772    1.565772    1.581830    1.581831
         1.600263    1.604977    1.611225    1.644101    1.648705
         1.652548    1.848995    1.849426    1.849869    1.885739
         1.886214    1.886677    2.256778    2.283012    2.704371
         2.705743    2.707222    2.744854    2.746263    2.747586
         3.419306    3.459827


 k=(    0.000000    0.000000    0.166670):       184 3-d basis functions
 the  52 SOC eigenvalues are:
        -2.813129   -2.728171   -1.585396   -1.568968   -1.541370
        -1.485982   -1.469564   -1.457977    0.113210    0.135612
         0.312972    0.321131    0.347006    0.374086    0.383422
         0.385185    0.391211    0.421313    0.450123    0.461171
         1.129499    1.156469    1.226362    1.244100    1.295130
         1.314056    1.415636    1.447327    1.455897    1.459217
         1.478716    1.483991    1.678753    1.697716    1.891656
         1.899508    1.925709    1.931941    1.967684    1.995124
         2.000660    2.035573    2.394274    2.425714    2.619910
         2.650625    2.750293    2.787538    2.853762    2.896086
         3.187569    3.219913


 k=(    0.000000    0.000000    0.333330):       182 3-d basis functions
 the  52 SOC eigenvalues are:
        -2.811584   -2.726530   -1.589767   -1.571724   -1.544794
        -1.491140   -1.472457   -1.461193    0.198730    0.230507
         0.291590    0.327515    0.359172    0.377901    0.378722
         0.388408    0.398778    0.454240    0.466181    0.477179
         0.843612    0.885440    1.098605    1.117047    1.207631
         1.243934    1.330283    1.358311    1.441088    1.472191
         1.605673    1.627393    1.676546    1.699033    2.031215
         2.059964    2.149664    2.162776    2.168777    2.174902
         2.197951    2.210052    2.368454    2.390182    2.623235
         2.659217    2.816081    2.839612    2.887173    2.911814
         2.946354    2.973475


 k=(    0.000000    0.000000    0.500000):       186 3-d basis functions
 the  52 SOC eigenvalues are:
        -2.810792   -2.725689   -1.592184   -1.573149   -1.546272
        -1.494060   -1.473925   -1.462420    0.219158    0.268270
         0.281512    0.347927    0.381827    0.391290    0.401274
         0.421997    0.428966    0.458691    0.469914    0.510852
         0.673853    0.729770    1.045792    1.063097    1.124647
         1.157757    1.344975    1.377166    1.466548    1.498367
         1.618398    1.639455    1.869390    1.902588    1.904768
         1.917983    2.174389    2.200999    2.275037    2.312872
         2.405001    2.426745    2.441525    2.450877    2.550971
         2.573763    2.621425    2.650640    2.801910    2.819067
         2.845855    2.868137
          charge neutrality (T=0)     :   0.000000    (zero if the highest occ. eigenvalue is "entirely" occupied)

     -->  new fermi energy            :  0.4123759401 htr
          valence charge              :  32.000000 e 
          actual charge blw ef-8kt    :  28.793201 e 
          actual charge blw ef+8kt    :  32.000000 e 


          valence density: spin= 1

     l-like charge
     atom     s        p        d        f        total
 --> 1    1.23481  3.15420  4.05985  0.01182    8.46710

     energy parameters for window 1
     atom     s        p        d        f
 -->  1   4.00000  4.00000  3.00000  4.00000 change: FFFF skiplo:   4
 --> lo   3.00000  3.00000
 --> change   F        F


          valence density: spin= 2

     l-like charge
     atom     s        p        d        f        total
 --> 1    1.23297  3.14421  1.96981  0.00731    6.35821

     energy parameters for window 1
     atom     s        p        d        f
 -->  1   4.00000  4.00000  3.00000  4.00000 change: FFFF skiplo:   4
 --> lo   3.00000  3.00000
 --> change   F        F
