  353        1.0000000000
   0.00000   0.00000   0.00000   1.00000
   0.00538  -0.00538   0.00538   1.00000
   0.01075  -0.01075   0.01075   1.00000
   0.01613  -0.01613   0.01613   1.00000
   0.02151  -0.02151   0.02151   1.00000
   0.02688  -0.02688   0.02688   1.00000
   0.03226  -0.03226   0.03226   1.00000
   0.03763  -0.03763   0.03763   1.00000
   0.04301  -0.04301   0.04301   1.00000
   0.04839  -0.04839   0.04839   1.00000
   0.05376  -0.05376   0.05376   1.00000
   0.05914  -0.05914   0.05914   1.00000
   0.06452  -0.06452   0.06452   1.00000
   0.06989  -0.06989   0.06989   1.00000
   0.07527  -0.07527   0.07527   1.00000
   0.08065  -0.08065   0.08065   1.00000
   0.08602  -0.08602   0.08602   1.00000
   0.09140  -0.09140   0.09140   1.00000
   0.09677  -0.09677   0.09677   1.00000
   0.10215  -0.10215   0.10215   1.00000
   0.10753  -0.10753   0.10753   1.00000
   0.11290  -0.11290   0.11290   1.00000
   0.11828  -0.11828   0.11828   1.00000
   0.12366  -0.12366   0.12366   1.00000
   0.12903  -0.12903   0.12903   1.00000
   0.13441  -0.13441   0.13441   1.00000
   0.13978  -0.13978   0.13978   1.00000
   0.14516  -0.14516   0.14516   1.00000
   0.15054  -0.15054   0.15054   1.00000
   0.15591  -0.15591   0.15591   1.00000
   0.16129  -0.16129   0.16129   1.00000
   0.16667  -0.16667   0.16667   1.00000
   0.17204  -0.17204   0.17204   1.00000
   0.17742  -0.17742   0.17742   1.00000
   0.18280  -0.18280   0.18280   1.00000
   0.18817  -0.18817   0.18817   1.00000
   0.19355  -0.19355   0.19355   1.00000
   0.19892  -0.19892   0.19892   1.00000
   0.20430  -0.20430   0.20430   1.00000
   0.20968  -0.20968   0.20968   1.00000
   0.21505  -0.21505   0.21505   1.00000
   0.22043  -0.22043   0.22043   1.00000
   0.22581  -0.22581   0.22581   1.00000
   0.23118  -0.23118   0.23118   1.00000
   0.23656  -0.23656   0.23656   1.00000
   0.24194  -0.24194   0.24194   1.00000
   0.24731  -0.24731   0.24731   1.00000
   0.25269  -0.25269   0.25269   1.00000
   0.25806  -0.25806   0.25806   1.00000
   0.26344  -0.26344   0.26344   1.00000
   0.26882  -0.26882   0.26882   1.00000
   0.27419  -0.27419   0.27419   1.00000
   0.27957  -0.27957   0.27957   1.00000
   0.28495  -0.28495   0.28495   1.00000
   0.29032  -0.29032   0.29032   1.00000
   0.29570  -0.29570   0.29570   1.00000
   0.30108  -0.30108   0.30108   1.00000
   0.30645  -0.30645   0.30645   1.00000
   0.31183  -0.31183   0.31183   1.00000
   0.31720  -0.31720   0.31720   1.00000
   0.32258  -0.32258   0.32258   1.00000
   0.32796  -0.32796   0.32796   1.00000
   0.33333  -0.33333   0.33333   1.00000
   0.33871  -0.33871   0.33871   1.00000
   0.34409  -0.34409   0.34409   1.00000
   0.34946  -0.34946   0.34946   1.00000
   0.35484  -0.35484   0.35484   1.00000
   0.36022  -0.36022   0.36022   1.00000
   0.36559  -0.36559   0.36559   1.00000
   0.37097  -0.37097   0.37097   1.00000
   0.37634  -0.37634   0.37634   1.00000
   0.38172  -0.38172   0.38172   1.00000
   0.38710  -0.38710   0.38710   1.00000
   0.39247  -0.39247   0.39247   1.00000
   0.39785  -0.39785   0.39785   1.00000
   0.40323  -0.40323   0.40323   1.00000
   0.40860  -0.40860   0.40860   1.00000
   0.41398  -0.41398   0.41398   1.00000
   0.41935  -0.41935   0.41935   1.00000
   0.42473  -0.42473   0.42473   1.00000
   0.43011  -0.43011   0.43011   1.00000
   0.43548  -0.43548   0.43548   1.00000
   0.44086  -0.44086   0.44086   1.00000
   0.44624  -0.44624   0.44624   1.00000
   0.45161  -0.45161   0.45161   1.00000
   0.45699  -0.45699   0.45699   1.00000
   0.46237  -0.46237   0.46237   1.00000
   0.46774  -0.46774   0.46774   1.00000
   0.47312  -0.47312   0.47312   1.00000
   0.47849  -0.47849   0.47849   1.00000
   0.48387  -0.48387   0.48387   1.00000
   0.48925  -0.48925   0.48925   1.00000
   0.49462  -0.49462   0.49462   1.00000
   0.50000  -0.50000   0.50000   1.00000
   0.49242  -0.49242   0.50000   1.00000
   0.48485  -0.48485   0.50000   1.00000
   0.47727  -0.47727   0.50000   1.00000
   0.46970  -0.46970   0.50000   1.00000
   0.46212  -0.46212   0.50000   1.00000
   0.45455  -0.45455   0.50000   1.00000
   0.44697  -0.44697   0.50000   1.00000
   0.43939  -0.43939   0.50000   1.00000
   0.43182  -0.43182   0.50000   1.00000
   0.42424  -0.42424   0.50000   1.00000
   0.41667  -0.41667   0.50000   1.00000
   0.40909  -0.40909   0.50000   1.00000
   0.40152  -0.40152   0.50000   1.00000
   0.39394  -0.39394   0.50000   1.00000
   0.38636  -0.38636   0.50000   1.00000
   0.37879  -0.37879   0.50000   1.00000
   0.37121  -0.37121   0.50000   1.00000
   0.36364  -0.36364   0.50000   1.00000
   0.35606  -0.35606   0.50000   1.00000
   0.34848  -0.34848   0.50000   1.00000
   0.34091  -0.34091   0.50000   1.00000
   0.33333  -0.33333   0.50000   1.00000
   0.32576  -0.32576   0.50000   1.00000
   0.31818  -0.31818   0.50000   1.00000
   0.31061  -0.31061   0.50000   1.00000
   0.30303  -0.30303   0.50000   1.00000
   0.29545  -0.29545   0.50000   1.00000
   0.28788  -0.28788   0.50000   1.00000
   0.28030  -0.28030   0.50000   1.00000
   0.27273  -0.27273   0.50000   1.00000
   0.26515  -0.26515   0.50000   1.00000
   0.25758  -0.25758   0.50000   1.00000
   0.25000  -0.25000   0.50000   1.00000
   0.24242  -0.24242   0.50000   1.00000
   0.23485  -0.23485   0.50000   1.00000
   0.22727  -0.22727   0.50000   1.00000
   0.21970  -0.21970   0.50000   1.00000
   0.21212  -0.21212   0.50000   1.00000
   0.20455  -0.20455   0.50000   1.00000
   0.19697  -0.19697   0.50000   1.00000
   0.18939  -0.18939   0.50000   1.00000
   0.18182  -0.18182   0.50000   1.00000
   0.17424  -0.17424   0.50000   1.00000
   0.16667  -0.16667   0.50000   1.00000
   0.15909  -0.15909   0.50000   1.00000
   0.15152  -0.15152   0.50000   1.00000
   0.14394  -0.14394   0.50000   1.00000
   0.13636  -0.13636   0.50000   1.00000
   0.12879  -0.12879   0.50000   1.00000
   0.12121  -0.12121   0.50000   1.00000
   0.11364  -0.11364   0.50000   1.00000
   0.10606  -0.10606   0.50000   1.00000
   0.09848  -0.09848   0.50000   1.00000
   0.09091  -0.09091   0.50000   1.00000
   0.08333  -0.08333   0.50000   1.00000
   0.07576  -0.07576   0.50000   1.00000
   0.06818  -0.06818   0.50000   1.00000
   0.06061  -0.06061   0.50000   1.00000
   0.05303  -0.05303   0.50000   1.00000
   0.04545  -0.04545   0.50000   1.00000
   0.03788  -0.03788   0.50000   1.00000
   0.03030  -0.03030   0.50000   1.00000
   0.02273  -0.02273   0.50000   1.00000
   0.01515  -0.01515   0.50000   1.00000
   0.00758  -0.00758   0.50000   1.00000
   0.00000   0.00000   0.50000   1.00000
   0.00532   0.00532   0.49468   1.00000
   0.01064   0.01064   0.48936   1.00000
   0.01596   0.01596   0.48404   1.00000
   0.02128   0.02128   0.47872   1.00000
   0.02660   0.02660   0.47340   1.00000
   0.03191   0.03191   0.46809   1.00000
   0.03723   0.03723   0.46277   1.00000
   0.04255   0.04255   0.45745   1.00000
   0.04787   0.04787   0.45213   1.00000
   0.05319   0.05319   0.44681   1.00000
   0.05851   0.05851   0.44149   1.00000
   0.06383   0.06383   0.43617   1.00000
   0.06915   0.06915   0.43085   1.00000
   0.07447   0.07447   0.42553   1.00000
   0.07979   0.07979   0.42021   1.00000
   0.08511   0.08511   0.41489   1.00000
   0.09043   0.09043   0.40957   1.00000
   0.09574   0.09574   0.40426   1.00000
   0.10106   0.10106   0.39894   1.00000
   0.10638   0.10638   0.39362   1.00000
   0.11170   0.11170   0.38830   1.00000
   0.11702   0.11702   0.38298   1.00000
   0.12234   0.12234   0.37766   1.00000
   0.12766   0.12766   0.37234   1.00000
   0.13298   0.13298   0.36702   1.00000
   0.13830   0.13830   0.36170   1.00000
   0.14362   0.14362   0.35638   1.00000
   0.14894   0.14894   0.35106   1.00000
   0.15426   0.15426   0.34574   1.00000
   0.15957   0.15957   0.34043   1.00000
   0.16489   0.16489   0.33511   1.00000
   0.17021   0.17021   0.32979   1.00000
   0.17553   0.17553   0.32447   1.00000
   0.18085   0.18085   0.31915   1.00000
   0.18617   0.18617   0.31383   1.00000
   0.19149   0.19149   0.30851   1.00000
   0.19681   0.19681   0.30319   1.00000
   0.20213   0.20213   0.29787   1.00000
   0.20745   0.20745   0.29255   1.00000
   0.21277   0.21277   0.28723   1.00000
   0.21809   0.21809   0.28191   1.00000
   0.22340   0.22340   0.27660   1.00000
   0.22872   0.22872   0.27128   1.00000
   0.23404   0.23404   0.26596   1.00000
   0.23936   0.23936   0.26064   1.00000
   0.24468   0.24468   0.25532   1.00000
   0.25000   0.25000   0.25000   1.00000
   0.24688   0.24688   0.24688   1.00000
   0.24375   0.24375   0.24375   1.00000
   0.24063   0.24063   0.24063   1.00000
   0.23750   0.23750   0.23750   1.00000
   0.23438   0.23438   0.23438   1.00000
   0.23125   0.23125   0.23125   1.00000
   0.22813   0.22813   0.22813   1.00000
   0.22500   0.22500   0.22500   1.00000
   0.22188   0.22188   0.22188   1.00000
   0.21875   0.21875   0.21875   1.00000
   0.21563   0.21563   0.21563   1.00000
   0.21250   0.21250   0.21250   1.00000
   0.20938   0.20938   0.20938   1.00000
   0.20625   0.20625   0.20625   1.00000
   0.20313   0.20313   0.20313   1.00000
   0.20000   0.20000   0.20000   1.00000
   0.19688   0.19688   0.19688   1.00000
   0.19375   0.19375   0.19375   1.00000
   0.19063   0.19063   0.19063   1.00000
   0.18750   0.18750   0.18750   1.00000
   0.18438   0.18438   0.18438   1.00000
   0.18125   0.18125   0.18125   1.00000
   0.17813   0.17813   0.17813   1.00000
   0.17500   0.17500   0.17500   1.00000
   0.17188   0.17188   0.17188   1.00000
   0.16875   0.16875   0.16875   1.00000
   0.16563   0.16563   0.16563   1.00000
   0.16250   0.16250   0.16250   1.00000
   0.15938   0.15938   0.15938   1.00000
   0.15625   0.15625   0.15625   1.00000
   0.15313   0.15313   0.15313   1.00000
   0.15000   0.15000   0.15000   1.00000
   0.14688   0.14688   0.14688   1.00000
   0.14375   0.14375   0.14375   1.00000
   0.14063   0.14063   0.14063   1.00000
   0.13750   0.13750   0.13750   1.00000
   0.13438   0.13438   0.13438   1.00000
   0.13125   0.13125   0.13125   1.00000
   0.12813   0.12813   0.12813   1.00000
   0.12500   0.12500   0.12500   1.00000
   0.12188   0.12188   0.12188   1.00000
   0.11875   0.11875   0.11875   1.00000
   0.11563   0.11563   0.11563   1.00000
   0.11250   0.11250   0.11250   1.00000
   0.10938   0.10938   0.10938   1.00000
   0.10625   0.10625   0.10625   1.00000
   0.10313   0.10313   0.10313   1.00000
   0.10000   0.10000   0.10000   1.00000
   0.09688   0.09688   0.09688   1.00000
   0.09375   0.09375   0.09375   1.00000
   0.09063   0.09063   0.09063   1.00000
   0.08750   0.08750   0.08750   1.00000
   0.08438   0.08438   0.08438   1.00000
   0.08125   0.08125   0.08125   1.00000
   0.07813   0.07813   0.07813   1.00000
   0.07500   0.07500   0.07500   1.00000
   0.07188   0.07188   0.07188   1.00000
   0.06875   0.06875   0.06875   1.00000
   0.06563   0.06563   0.06563   1.00000
   0.06250   0.06250   0.06250   1.00000
   0.05938   0.05938   0.05938   1.00000
   0.05625   0.05625   0.05625   1.00000
   0.05313   0.05313   0.05313   1.00000
   0.05000   0.05000   0.05000   1.00000
   0.04688   0.04688   0.04688   1.00000
   0.04375   0.04375   0.04375   1.00000
   0.04063   0.04063   0.04063   1.00000
   0.03750   0.03750   0.03750   1.00000
   0.03438   0.03438   0.03438   1.00000
   0.03125   0.03125   0.03125   1.00000
   0.02813   0.02813   0.02813   1.00000
   0.02500   0.02500   0.02500   1.00000
   0.02188   0.02188   0.02188   1.00000
   0.01875   0.01875   0.01875   1.00000
   0.01563   0.01563   0.01563   1.00000
   0.01250   0.01250   0.01250   1.00000
   0.00938   0.00938   0.00938   1.00000
   0.00625   0.00625   0.00625   1.00000
   0.00313   0.00313   0.00313   1.00000
   0.00000   0.00000   0.00000   1.00000
   0.00000   0.00000   0.00758   1.00000
   0.00000   0.00000   0.01515   1.00000
   0.00000   0.00000   0.02273   1.00000
   0.00000   0.00000   0.03030   1.00000
   0.00000   0.00000   0.03788   1.00000
   0.00000   0.00000   0.04545   1.00000
   0.00000   0.00000   0.05303   1.00000
   0.00000   0.00000   0.06061   1.00000
   0.00000   0.00000   0.06818   1.00000
   0.00000   0.00000   0.07576   1.00000
   0.00000   0.00000   0.08333   1.00000
   0.00000   0.00000   0.09091   1.00000
   0.00000   0.00000   0.09848   1.00000
   0.00000   0.00000   0.10606   1.00000
   0.00000   0.00000   0.11364   1.00000
   0.00000   0.00000   0.12121   1.00000
   0.00000   0.00000   0.12879   1.00000
   0.00000   0.00000   0.13636   1.00000
   0.00000   0.00000   0.14394   1.00000
   0.00000   0.00000   0.15152   1.00000
   0.00000   0.00000   0.15909   1.00000
   0.00000   0.00000   0.16667   1.00000
   0.00000   0.00000   0.17424   1.00000
   0.00000   0.00000   0.18182   1.00000
   0.00000   0.00000   0.18939   1.00000
   0.00000   0.00000   0.19697   1.00000
   0.00000   0.00000   0.20455   1.00000
   0.00000   0.00000   0.21212   1.00000
   0.00000   0.00000   0.21970   1.00000
   0.00000   0.00000   0.22727   1.00000
   0.00000   0.00000   0.23485   1.00000
   0.00000   0.00000   0.24242   1.00000
   0.00000   0.00000   0.25000   1.00000
   0.00000   0.00000   0.25758   1.00000
   0.00000   0.00000   0.26515   1.00000
   0.00000   0.00000   0.27273   1.00000
   0.00000   0.00000   0.28030   1.00000
   0.00000   0.00000   0.28788   1.00000
   0.00000   0.00000   0.29545   1.00000
   0.00000   0.00000   0.30303   1.00000
   0.00000   0.00000   0.31061   1.00000
   0.00000   0.00000   0.31818   1.00000
   0.00000   0.00000   0.32576   1.00000
   0.00000   0.00000   0.33333   1.00000
   0.00000   0.00000   0.34091   1.00000
   0.00000   0.00000   0.34848   1.00000
   0.00000   0.00000   0.35606   1.00000
   0.00000   0.00000   0.36364   1.00000
   0.00000   0.00000   0.37121   1.00000
   0.00000   0.00000   0.37879   1.00000
   0.00000   0.00000   0.38636   1.00000
   0.00000   0.00000   0.39394   1.00000
   0.00000   0.00000   0.40152   1.00000
   0.00000   0.00000   0.40909   1.00000
   0.00000   0.00000   0.41667   1.00000
   0.00000   0.00000   0.42424   1.00000
   0.00000   0.00000   0.43182   1.00000
   0.00000   0.00000   0.43939   1.00000
   0.00000   0.00000   0.44697   1.00000
   0.00000   0.00000   0.45455   1.00000
   0.00000   0.00000   0.46212   1.00000
   0.00000   0.00000   0.46970   1.00000
   0.00000   0.00000   0.47727   1.00000
   0.00000   0.00000   0.48485   1.00000
   0.00000   0.00000   0.49242   1.00000
   0.00000   0.00000   0.50000   1.00000
