1   f l a p w  version fleur.26b


 -------- dump of inp-file ------------
strho=F,film=F,dos=F,isec1=99,ndir= 0,secvar=F
FePO4                                                                           
p-r any ,invs=T,zrfs=F,invs2=F,jspins=2,l_noco=F,l_J=F,ms=F,sgwf=F,socgwf=F
    10.97726730    18.59275830
     9.02520720     9.02520720     1.00000000
pbe    non-relativi
igrd=1,lwb=F,ndvgrd=6,idsprs=0,chng=-0.100D-11
    
  6
**********************************
Fe  26    4   10  839  2.530000  0.014000
    
 4,force =T,nlo= 3,llo=  0  1  1
  0.250000  0.274400 -0.043800  1.000000
 -0.250000  0.225600  0.456200  1.000000
 -0.250000 -0.274400  0.043800  1.000000
  0.250000 -0.225600 -0.456200  1.000000
**********************************
P   15    4    6  577  1.740000  0.019000
    
 4,force =T,nlo= 0,llo=
  0.250000  0.102200  0.403300  1.000000
 -0.250000  0.397800 -0.096700  1.000000
 -0.250000 -0.102200 -0.403300  1.000000
  0.250000 -0.397800  0.096700  1.000000
**********************************
O    8    1    6  327  0.980000  0.031000
    
 4,force =T,nlo= 0,llo=
  0.250000  0.116200 -0.287700  1.000000
 -0.250000  0.383800  0.212300  1.000000
 -0.250000 -0.116200  0.287700  1.000000
  0.250000 -0.383800 -0.212300  1.000000
**********************************
O    8    1    6  327  0.980000  0.031000
    
 4,force =T,nlo= 0,llo=
  0.250000  0.443200  0.149400  1.000000
 -0.250000  0.056800 -0.350600  1.000000
 -0.250000 -0.443200 -0.149400  1.000000
  0.250000 -0.056800  0.350600  1.000000
**********************************
O    8    1    6  327  0.980000  0.031000
    
 4,force =T,nlo= 0,llo=
  0.044200  0.166100  0.256200  1.000000
 -0.044200  0.333900 -0.243800  1.000000
 -0.044200 -0.166100 -0.256200  1.000000
  0.044200 -0.333900  0.243800  1.000000
**********************************
O    8    1    6  327  0.980000  0.031000
    
 4,force =T,nlo= 0,llo=
 -0.455800 -0.166100 -0.256200  1.000000
  0.455800 -0.333900  0.243800  1.000000
  0.455800  0.166100  0.256200  1.000000
 -0.455800  0.333900 -0.243800  1.000000
**********************************
 18.200000 15.200000
vchk=F,cdinf=F,pot8=F,gw=0,numbands=  0
lpr=0,form66=F,l_f=F,eonly=F,eig66=F,soc66=T
  8  4  4  4  4  4
  1  0
Window # 1
  -1.80000   1.00000 180.00000
   6.00000 =kmax
gauss=F   0.00100tria=F
  0.000000  0.000000,l_soc=T,spav=F,off=F
frcor=F,slice=F,ctail=T,disp=F,kcrel=0,u2f=F,f2u=F,bmt=F
itmax= 9,maxiter= 99,imix= 7,alpha=  0.05,spinf=  2.00
swsp=F  2.20  0.00  0.00  0.00  0.00  0.00
lflip=F  1  1  1  1  1  1
vacdos=F,layers= 0,integ=F,star=F,nstars= 0     0.00     0.00     0.00     0.00,nstm=0,tworkf=  0.000000

iplot=F,score=F,plpot=F,band=F
  0  0.000000  0.000000,nnne=  0,pallst=F
xa=   2.00000,thetad= 330.00000,epsdisp=   0.00001,epsforce=   0.00001
relax 111 111 111 111 111 111
emin_dos=  -0.50000,emax_dos=   0.50000,sig_dos=   0.01500


    FePO4                                                                           


 lattice=p-r
 name of space group=any 
 inversion symmetry=   T
 z-reflection symmetry=F
 vacuum-inversion symm=F
 jspins=2
 unit cell scaled by      1.000000
 the vacuum begins at z=  4.512604
 dtilda/2=                4.512604
igrd=1,lwb=F,ndvgrd=6,idsprs=0,chng=-0.100D-11


Fe  26    4   10  839  2.530000  0.014000
  0.250000  0.274400 -0.043800  1.000000
 -0.250000  0.225600  0.456200  1.000000
 -0.250000 -0.274400  0.043800  1.000000
  0.250000 -0.225600 -0.456200  1.000000
P   15    4    6  577  1.740000  0.019000
  0.250000  0.102200  0.403300  1.000000
 -0.250000  0.397800 -0.096700  1.000000
 -0.250000 -0.102200 -0.403300  1.000000
  0.250000 -0.397800  0.096700  1.000000
O    8    1    6  327  0.980000  0.031000
  0.250000  0.116200 -0.287700  1.000000
 -0.250000  0.383800  0.212300  1.000000
 -0.250000 -0.116200  0.287700  1.000000
  0.250000 -0.383800 -0.212300  1.000000
O    8    1    6  327  0.980000  0.031000
  0.250000  0.443200  0.149400  1.000000
 -0.250000  0.056800 -0.350600  1.000000
 -0.250000 -0.443200 -0.149400  1.000000
  0.250000 -0.056800  0.350600  1.000000
O    8    1    6  327  0.980000  0.031000
  0.044200  0.166100  0.256200  1.000000
 -0.044200  0.333900 -0.243800  1.000000
 -0.044200 -0.166100 -0.256200  1.000000
  0.044200 -0.333900  0.243800  1.000000
O    8    1    6  327  0.980000  0.031000
 -0.455800 -0.166100 -0.256200  1.000000
  0.455800 -0.333900  0.243800  1.000000
  0.455800  0.166100  0.256200  1.000000
 -0.455800  0.333900 -0.243800  1.000000
 nwd=           1 lepr=           0



 input of parameters for eigenvalues:
    eigenvectors are not printed
    formatted eigenvector file = F
    calculate Pulay-forces = F
    eigenvalues only = F
    number of energy windows = 1
    energy parameter mode: absolute


    max. l value in wavefunctions for atom type(s) 1 to  6:  8  4  4  4  4  4


 energy window  1 of  1 from  -1.800 to   1.000 hartrees; nr. of electrons= 180.0

 wavefunction cutoff (relative) =   6.00000
                     (absolute) =   6.00000
 itmax=           9  broy_sv=          99  imix=           7
 alpha=  5.000000000000000E-002  spinf=   2.00000000000000     
 gmax= 18.199785
 nq3=  48247
 izmin=    0
 izmax=   -1
 nk1=     63
 nk2=    107
 nk3=     53

 mx1=    31
 mx2=    53 mx3=    26


 number of k-points for this window =   24
           coordinates           weights
   0.40000   0.33333   0.41667   0.04444
   0.20000   0.33333   0.41667   0.04444
   0.00000   0.33333   0.41667   0.04444
   0.20000  -0.33333   0.41667   0.04444
   0.40000  -0.33333   0.41667   0.04444
   0.40000   0.00000   0.41667   0.04444
   0.20000   0.00000   0.41667   0.04444
   0.00000   0.00000   0.41667   0.02222
   0.40000   0.33333   0.25000   0.04444
   0.20000   0.33333   0.25000   0.04444
   0.00000   0.33333   0.25000   0.04444
   0.20000  -0.33333   0.25000   0.04444
   0.40000  -0.33333   0.25000   0.04444
   0.40000   0.00000   0.25000   0.04444
   0.20000   0.00000   0.25000   0.04444
   0.00000   0.00000   0.25000   0.02222
   0.40000   0.33333   0.08333   0.04444
   0.20000   0.33333   0.08333   0.04444
   0.00000   0.33333   0.08333   0.04444
   0.20000  -0.33333   0.08333   0.04444
   0.40000  -0.33333   0.08333   0.04444
   0.40000   0.00000   0.08333   0.04444
   0.20000   0.00000   0.08333   0.04444
   0.00000   0.00000   0.08333   0.02222


          convergence parameters for the pseudocharge density expansion
          atom     parameter     max. l to include

            1          37              36
            2          24              23
            3          11              10
            4          11              10
            5          11              10
            6          11              10
          max values allowed: ncvd= 37, l= 36


             it=        1

          total charge for spin  1=  154.000000
          interst. charge =      32.837300
          mt charge=             14.780132    6.279921    2.310157    2.303131

          mt charge=              2.308666    2.308666

          total charge for spin  2=  138.000000
          interst. charge =      32.609071
          mt charge=             10.834550    6.282712    2.309957    2.302611

          mt charge=              2.308951    2.308951

          total charge  =  292.000000

          total charge for spin  1=  154.000000
          interst. charge =      32.837300
          mt charge=             14.780132    6.279921    2.310157    2.303131

          mt charge=              2.308666    2.308666

          total charge for spin  2=  138.000000
          interst. charge =      32.609071
          mt charge=             10.834550    6.282712    2.309957    2.302611

          mt charge=              2.308951    2.308951

          total charge  =  292.000000

          integral of pseudo charge density inside the slab=        0.000000   0.000000

          density-coulomb potential integrals


          interstitial :                      -2.8428353160

          muffin tin spheres :            -11487.3283866183

          total density-coulomb potenti   -11490.1712219343

     interstitial potential average (vbar) = -0.069446 -0.071013

          density-effective potential integrals for spin  1


          interstitial :                     -18.5140827197

          muffin tin spheres :             -6078.3144673746

          density-effective potential integrals for spin  2


          interstitial :                     -18.4778659540

          muffin tin spheres :             -5960.2809831313

          total density-effective poten   -12075.5873991797

          charge density-energy density integrals


          interstitial :                     -27.0847431126

          muffin tin spheres :              -425.5149855926

          total charge density-energy d     -452.5997287052


 k=(    0.400000    0.333333    0.416667):      6712 3-d basis functions
 the 576 SOC eigenvalues are:
        -3.069796   -3.069796   -3.069796   -3.069796   -2.914466
        -2.914466   -2.914466   -2.914466   -1.845258   -1.845258
        -1.845249   -1.845248   -1.827211   -1.827210   -1.827202
        -1.827201   -1.803859   -1.803859   -1.803838   -1.803838
        -1.683859   -1.683859   -1.683842   -1.683842   -1.666047
        -1.666046   -1.666026   -1.666026   -1.651835   -1.651834
        -1.651795   -1.651795   -0.694279   -0.693819   -0.693563
        -0.693120   -0.691478   -0.691355   -0.691039   -0.690904
        -0.630607   -0.630253   -0.629741   -0.629393   -0.629383
        -0.629089   -0.628556   -0.628266   -0.613316   -0.612891
        -0.612718   -0.612336   -0.612266   -0.611855   -0.611751
        -0.611246   -0.591145   -0.590859   -0.590086   -0.589826
        -0.589712   -0.589503   -0.588570   -0.588387   -0.214213
        -0.212219   -0.210014   -0.209100   -0.208629   -0.207001
        -0.205659   -0.204528   -0.149164   -0.147562   -0.146827
        -0.144851   -0.142049   -0.140423   -0.139537   -0.137301
        -0.133194   -0.131711   -0.129514   -0.129104   -0.127669
        -0.126830   -0.125964   -0.124759   -0.123641   -0.122562
        -0.119951   -0.118409   -0.115399   -0.114924   -0.111575
        -0.111080   -0.093086   -0.091338   -0.087290   -0.085535
        -0.084405   -0.083147   -0.079067   -0.077645   -0.059534
        -0.057594   -0.056011   -0.055404   -0.054587   -0.053167
        -0.052162   -0.050705   -0.050381   -0.049526   -0.048754
        -0.047752   -0.046015   -0.044732   -0.043641   -0.042150
        -0.034424   -0.033617   -0.030781   -0.030267   -0.028708
        -0.028047   -0.025385   -0.025129   -0.016716   -0.015502
        -0.014709   -0.013354   -0.012323   -0.011107   -0.009274
        -0.008571   -0.001672   -0.000742    0.002162    0.002544
         0.004448    0.004898    0.006179    0.006280    0.013144
         0.013888    0.017584    0.018407    0.021605    0.022045
         0.023976    0.025026    0.025148    0.026199    0.028731
         0.028873    0.030461    0.030965    0.033624    0.035280
         0.117497    0.118018    0.118794    0.119692    0.120706
         0.121631    0.121992    0.123070    0.124398    0.125394
         0.126537    0.127537    0.147743    0.148229    0.150195
         0.150770    0.178859    0.179655    0.181705    0.182044
         0.246198    0.247130    0.247919    0.248536    0.249474
         0.249633    0.250344    0.250695    0.252714    0.253212
         0.254352    0.254917    0.276043    0.276217    0.277895
         0.278199    0.299730    0.300253    0.302444    0.302959
         0.411561    0.418770    0.423505    0.429668    0.430238
         0.434694    0.435017    0.438235    0.449888    0.452373
         0.455919    0.456920    0.457044    0.458985    0.461311
         0.462759    0.466629    0.470209    0.473990    0.474219
         0.477623    0.479166    0.482257    0.486380    0.494953
         0.499852    0.503796    0.505796    0.506260    0.507034
         0.511535    0.513244    0.517284    0.521398    0.525170
         0.528365    0.531905    0.532760    0.536245    0.540287
         0.555995    0.558825    0.562652    0.564277    0.564991
         0.571830    0.574727    0.577185    0.596744    0.602669
         0.605423    0.611201    0.613125    0.613480    0.615469
         0.620593    0.621485    0.621767    0.625829    0.627965
         0.632696    0.633989    0.639714    0.646063    0.646378
         0.652367    0.654686    0.659404    0.661768    0.667111
         0.668885    0.672787    0.682089    0.685738    0.690268
         0.692233    0.693210    0.696461    0.700227    0.704434
         0.722539    0.724724    0.730167    0.734757    0.735160
         0.736528    0.740317    0.742230    0.744582    0.748937
         0.750304    0.751165    0.752692    0.754193    0.756200
         0.758319    0.759205    0.762882    0.767249    0.773548
         0.776199    0.777988    0.784436    0.786071    0.789276
         0.791480    0.796583    0.803262    0.818237    0.824676
         0.829452    0.835018    0.838554    0.844727    0.847355
         0.855311    0.855970    0.861966    0.863262    0.871430
         0.891822    0.896275    0.901335    0.902597    0.904630
         0.907943    0.912060    0.914608    0.915799    0.922646
         0.928441    0.932942    0.935021    0.940077    0.940264
         0.943828    0.946059    0.948308    0.949146    0.952551
         0.956681    0.957490    0.958122    0.961259    0.968045
         0.970650    0.977405    0.982700    0.986109    0.992069
         0.992940    1.001974    1.021317    1.025040    1.028824
         1.032061    1.032572    1.035300    1.040670    1.041409
         1.046096    1.049300    1.053238    1.057373    1.061515
         1.063167    1.063531    1.069854    1.071613    1.078908
         1.080102    1.086777    1.087566    1.092017    1.093284
         1.099938    1.107868    1.111033    1.113476    1.116347
         1.117464    1.118110    1.122960    1.125109    1.126368
         1.129356    1.132458    1.136401    1.142828    1.148358
         1.149001    1.156409    1.161140    1.167422    1.168207
         1.174083    1.179436    1.180900    1.183460    1.187290
         1.187493    1.193873    1.193947    1.201028    1.201411
         1.207748    1.210691    1.213058    1.214996    1.220004
         1.221591    1.228173    1.235612    1.239604    1.243899
         1.245170    1.245893    1.251846    1.253511    1.256213
         1.259936    1.267087    1.267414    1.269732    1.272858
         1.275440    1.276426    1.280320    1.282260    1.286915
         1.287765    1.290204    1.292530    1.294470    1.296020
         1.297057    1.298828    1.304977    1.310024    1.315473
         1.321380    1.328481    1.328748    1.329751    1.336027
         1.339088    1.341822    1.343230    1.349241    1.350091
         1.354699    1.356593    1.357031    1.360222    1.362681
         1.366890    1.367128    1.371898    1.372045    1.376660
         1.377181    1.381150    1.383401    1.388695    1.390071
         1.391229    1.395450    1.396357    1.397360    1.403493
         1.408464    1.412697    1.415109    1.419558    1.419780
         1.425187    1.427035    1.429418    1.432821    1.435375
         1.435655    1.439191    1.442591    1.444412    1.445735
         1.451040    1.451689    1.458507    1.462672    1.465993
         1.469166    1.471342    1.472797    1.479439    1.482503
         1.486240    1.489124    1.491391    1.494885    1.498406
         1.499372    1.506741    1.507287    1.510389    1.514292
         1.517304    1.518124    1.521194    1.525348    1.528423
         1.529468    1.532371    1.535376    1.539802    1.540751
         1.546227    1.546253    1.548777    1.551242    1.553167
         1.556196    1.558393    1.561145    1.565066    1.567618
         1.568191    1.570655    1.571672    1.574433    1.577388
         1.577788    1.583534    1.585590    1.587246    1.591040
         1.591322    1.594978    1.598550    1.604081    1.606352
         1.611087    1.613418    1.614054    1.615167    1.619079
         1.622402    1.624752    1.630553    1.630726    1.631497
         1.633865    1.636329    1.637550    1.640682    1.643046
         1.646668    1.649345    1.649656    1.654233    1.654379
         1.657777    1.661603    1.664571    1.665522    1.671565
         1.673569    1.675090    1.678892    1.682762    1.684274
         1.686855    1.687635    1.691203    1.693624    1.694690
         1.701606


 k=(    0.400000    0.333333    0.083333):      6712 3-d basis functions
 the 576 SOC eigenvalues are:
        -3.069797   -3.069797   -3.069796   -3.069796   -2.914467
        -2.914467   -2.914465   -2.914465   -1.845262   -1.845261
        -1.845249   -1.845248   -1.827215   -1.827215   -1.827195
        -1.827195   -1.803857   -1.803856   -1.803841   -1.803841
        -1.683862   -1.683861   -1.683843   -1.683843   -1.666049
        -1.666048   -1.666020   -1.666019   -1.651827   -1.651827
        -1.651804   -1.651803   -0.698561   -0.698058   -0.696571
        -0.696117   -0.694130   -0.693915   -0.693677   -0.693495
        -0.625264   -0.624742   -0.624480   -0.623990   -0.623751
        -0.623428   -0.622987   -0.622642   -0.615045   -0.614407
        -0.613861   -0.613567   -0.613267   -0.612824   -0.612051
        -0.611361   -0.591450   -0.590418   -0.590308   -0.589977
        -0.589389   -0.589188   -0.588837   -0.588165   -0.219789
        -0.214710   -0.213925   -0.211040   -0.208789   -0.207195
        -0.206502   -0.202896   -0.159649   -0.157662   -0.153536
        -0.152922   -0.152807   -0.151282   -0.146171   -0.145820
        -0.134812   -0.134081   -0.132474   -0.131660   -0.130792
        -0.129866   -0.127805   -0.127403   -0.121842   -0.119621
        -0.117789   -0.116599   -0.115994   -0.115662   -0.113594
        -0.112892   -0.085114   -0.084152   -0.078382   -0.075729
        -0.074195   -0.072692   -0.068791   -0.068688   -0.065611
        -0.062645   -0.062270   -0.062075   -0.057067   -0.055495
        -0.053684   -0.047978   -0.044796   -0.043654   -0.039725
        -0.038273   -0.035456   -0.034317   -0.033124   -0.032711
        -0.030111   -0.030027   -0.028270   -0.026240   -0.025754
        -0.024198   -0.021597   -0.020903   -0.014696   -0.013108
        -0.012190   -0.009848   -0.009667   -0.007338   -0.007147
        -0.006399   -0.005267   -0.004697   -0.002979   -0.002187
        -0.000472   -0.000154    0.000558    0.003226    0.007996
         0.012785    0.013929    0.016467    0.016678    0.018294
         0.020685    0.021295    0.022229    0.023160    0.024417
         0.026832    0.028000    0.030833    0.030973    0.034728
         0.114683    0.115211    0.116402    0.117118    0.120182
         0.121116    0.121516    0.122371    0.124942    0.127448
         0.128583    0.131469    0.148118    0.148633    0.156214
         0.157058    0.176758    0.179941    0.182581    0.182885
         0.244304    0.244588    0.246138    0.246261    0.249198
         0.249494    0.250217    0.250551    0.253215    0.254319
         0.255273    0.257049    0.277128    0.277511    0.281702
         0.282450    0.299462    0.301660    0.304188    0.304754
         0.371316    0.379944    0.393551    0.401682    0.404791
         0.413238    0.420068    0.427407    0.457996    0.461632
         0.466891    0.470234    0.470674    0.473419    0.476476
         0.478509    0.484078    0.487512    0.488174    0.491383
         0.491479    0.492340    0.492750    0.495997    0.496842
         0.504915    0.506435    0.509574    0.516427    0.516897
         0.520744    0.525405    0.529546    0.535409    0.537468
         0.537769    0.541695    0.542017    0.542956    0.547560
         0.548160    0.552026    0.554795    0.560626    0.564537
         0.567722    0.571315    0.582420    0.601467    0.602418
         0.607200    0.611461    0.613690    0.615882    0.617891
         0.618276    0.621279    0.623038    0.627485    0.628189
         0.631164    0.635831    0.636511    0.637993    0.642320
         0.644105    0.650143    0.651305    0.654912    0.659330
         0.667421    0.670893    0.684016    0.688431    0.694242
         0.695094    0.699357    0.702829    0.704532    0.708892
         0.711011    0.712318    0.716423    0.718625    0.719323
         0.725937    0.726719    0.733085    0.733965    0.734989
         0.745005    0.746828    0.748736    0.750509    0.758098
         0.760415    0.760746    0.769421    0.770444    0.774299
         0.775961    0.779313    0.783024    0.785078    0.792763
         0.799498    0.800253    0.807936    0.808339    0.810478
         0.816726    0.817590    0.819482    0.820227    0.827899
         0.832606    0.833015    0.841739    0.842372    0.853057
         0.862864    0.864815    0.871673    0.873259    0.890565
         0.891494    0.896147    0.899290    0.914558    0.920779
         0.921807    0.922495    0.928415    0.930575    0.933153
         0.938895    0.952838    0.961476    0.968197    0.972963
         0.977208    0.981709    0.986138    0.994431    0.994952
         1.000106    1.003626    1.007096    1.010725    1.012404
         1.016319    1.020816    1.021983    1.026181    1.029151
         1.033727    1.038639    1.042376    1.047225    1.052376
         1.064996    1.068820    1.072653    1.076290    1.080131
         1.086382    1.090019    1.095030    1.096167    1.100567
         1.101325    1.102942    1.106873    1.110648    1.114492
         1.121096    1.122139    1.125695    1.128468    1.129146
         1.132512    1.134647    1.135761    1.141521    1.146875
         1.154424    1.155434    1.159829    1.161289    1.166440
         1.167259    1.171269    1.172882    1.172934    1.179833
         1.180054    1.181796    1.184365    1.189268    1.192274
         1.193807    1.196746    1.200241    1.201860    1.205658
         1.208456    1.210112    1.210478    1.216327    1.218853
         1.224597    1.228732    1.230505    1.237325    1.242492
         1.245301    1.247349    1.250258    1.253071    1.255096
         1.257230    1.261338    1.262330    1.264561    1.268431
         1.271285    1.271483    1.276450    1.280437    1.281096
         1.282053    1.285321    1.287251    1.290793    1.297310
         1.299354    1.302586    1.305079    1.306665    1.307379
         1.311695    1.313448    1.324293    1.325430    1.329536
         1.331228    1.334691    1.341359    1.345140    1.346903
         1.350015    1.350929    1.351986    1.357047    1.357358
         1.359885    1.364281    1.365983    1.366536    1.369228
         1.372479    1.372962    1.374971    1.377891    1.380213
         1.383292    1.386869    1.391718    1.394614    1.399950
         1.400628    1.404249    1.406280    1.410573    1.412859
         1.414155    1.416991    1.418241    1.421225    1.425059
         1.427226    1.432364    1.434007    1.436281    1.441169
         1.442966    1.443413    1.444361    1.449129    1.452294
         1.454413    1.459117    1.460642    1.464922    1.465996
         1.466266    1.470908    1.473482    1.474714    1.477154
         1.479621    1.484775    1.485002    1.487344    1.491279
         1.491944    1.493311    1.496028    1.498400    1.501290
         1.501885    1.505243    1.508459    1.513267    1.513379
         1.519264    1.521166    1.521796    1.525776    1.526227
         1.528724    1.533133    1.533197    1.542081    1.542184
         1.546717    1.551877    1.557997    1.559785    1.564611
         1.567270    1.571097    1.573328    1.577091    1.585349
         1.589847    1.590892    1.594065    1.595279    1.596444
         1.599598    1.601446    1.602443    1.606758    1.609990
         1.615787    1.617678    1.617885    1.620480    1.625599
         1.628195    1.636150    1.637668    1.639685    1.643208
         1.643769    1.645502    1.647172    1.650377    1.653108
         1.654223    1.657443    1.663194    1.663315    1.665876
         1.666242    1.671354    1.672152    1.673147    1.674190
         1.678034    1.679551    1.680588    1.684925    1.685319
         1.692181
