FePO4
&input
    film = f
    cartesian = f
    cal_symm = t
/
    5.809  0.000  0.000
    0.000  9.839  0.000
    0.000  0.000  4.776
    1.8897               !lattice const scaled as(1.0*bohr)
    1.0  1.0  1.0        ! scale
 24
 26  0.2500    0.2744    0.9562
 26  0.7500    0.2256    1.4562
 26  0.7500   -0.2744   -0.9562
 26  0.2500    0.7744   -0.4562 
 15  0.2500    0.1022    0.4033
 15  0.7500    0.3978    0.9033
 15  0.7500   -0.1022   -0.4033
 15  0.2500    0.6022    0.0967
 8   0.2500    0.1162    0.7123
 8   0.7500    0.3838    1.2123
 8   0.7500   -0.1162   -0.7123
 8   0.2500    0.6162   -0.2123
 8   0.2500    0.4432    0.1494
 8   0.7500    0.0568    0.6494
 8   0.7500   -0.4432   -0.1494
 8   0.2500    0.9432    0.3506
 8   0.0442    0.1661    0.2562
 8  -0.0442    0.3339    0.7562
 8   0.5442   -0.1661   -0.2562
 8   0.4558    0.6661    0.2438
 8  -0.0442   -0.1661   -0.2562
 8   0.0442    0.6661    0.2438
 8   0.4558    0.1661    0.2562
 8   0.5442    0.3339    0.7562
&soc
    0.0 0.0
/
&atom element="Fe" econfig="1s2 2s2 2p6|3s2 3p6 4s2 3d6" lo="2p 3s 3p" /
